time,power_cooling,power_fans,temperature_discharge_,temperature_return_air_1,temperature_return_air_2,temperature_room_,signal_percent_fans,dT,mass_flow
23-Jan-2018 09:00:00,8.4,250,NaN,28.3666666666667,27.6,22.95,33.75,NaN,NaN
23-Jan-2018 09:01:00,8.7,250,NaN,28.7,27.9,22.95,33.75,NaN,NaN
23-Jan-2018 09:02:00,9.46666666666667,250,NaN,29.15,28.4,22.95,35.3333333333333,NaN,NaN
23-Jan-2018 09:03:00,9.93333333333333,250,18.6,29.45,28.8,22.95,35.9,10.525,0.943784639746635
23-Jan-2018 09:04:00,10.175,250,18.7,29.75,29.0333333333333,22.95,35.9666666666667,10.6916666666667,0.951675759937646
23-Jan-2018 09:05:00,10.3,250,18.7,30.15,29.0666666666667,22.95,36.08,10.9083333333333,0.944232238349885
23-Jan-2018 09:06:00,10.4,250,18.7,30.45,29.2,22.95,36.05,11.125,0.934831460674157
23-Jan-2018 09:07:00,10.725,250,18.8,30.7,29.35,22.95,36.6166666666667,11.225,0.955456570155902
23-Jan-2018 09:08:00,11.15,400,18.9,30.95,29.5,22.95,37.6,11.325,0.984547461368653
23-Jan-2018 09:09:00,11.275,400,19,31.1,29.6,22.95,38.1666666666667,11.35,0.993392070484581
23-Jan-2018 09:10:00,11.26,400,19.1,31.25,29.7333333333333,22.95,37.96,11.3916666666667,0.988441843452817
23-Jan-2018 09:11:00,11.3,400,19.1,31.25,29.85,22.95,38,11.45,0.986899563318777
23-Jan-2018 09:12:00,11.35,400,19.1,31.45,30,22.95,37.5,11.625,0.976344086021505
23-Jan-2018 09:13:00,11.56,400,19.1,31.6,30.1,22.95,37.85,11.75,0.983829787234043
23-Jan-2018 09:14:00,11.6,400,19.1,31.7,30.2,22.95,37.95,11.85,0.978902953586498
23-Jan-2018 09:15:00,11.85,400,19.1666666666667,31.8,30.3,22.95,38.25,11.8833333333333,0.997194950911641
23-Jan-2018 09:16:00,11.84,400,19.1666666666667,31.9,30.3,22.95,38.06,11.9333333333333,0.992178770949721
23-Jan-2018 09:17:00,11.7333333333333,400,19.1666666666667,32,30.4,22.95,37.5,12.0333333333333,0.975069252077562
23-Jan-2018 09:18:00,12.0333333333333,400,19.1666666666667,32,30.4,22.95,38.7,12.0333333333333,1
23-Jan-2018 09:19:00,12.2,400,19.1666666666667,32.1,30.45,22.95,38.65,12.1083333333333,1.00757054370268
23-Jan-2018 09:20:00,11.9333333333333,400,19.1666666666667,32.15,30.5,22.9333333333333,37.9666666666667,12.1583333333333,0.981494174091843
23-Jan-2018 09:21:00,11.6333333333333,333.333333333333,19.1666666666667,32.15,30.5,22.9333333333333,37.05,12.1583333333333,0.956819739547635
23-Jan-2018 09:22:00,11.7,350,19.1666666666667,32.15,30.5,22.9333333333333,37.15,12.1583333333333,0.962302947224126
23-Jan-2018 09:23:00,11.7166666666667,360,19.1,32.05,30.35,22.9666666666667,37.26,12.1,0.96831955922865
23-Jan-2018 09:24:00,11.925,360,19.1,32.2,30.35,22.95,37.9,12.175,0.979466119096509
23-Jan-2018 09:25:00,12,360,19.1,32.15,30.45,22.95,37.7,12.2,0.983606557377049
23-Jan-2018 09:26:00,11.85,350,19.1,32.1,30.5,22.95,37.25,12.2,0.971311475409836
23-Jan-2018 09:27:00,12.1,350,19.1,32.2333333333333,30.55,22.95,37.65,12.2916666666667,0.984406779661017
23-Jan-2018 09:28:00,12.1,350,19.1,32.25,30.55,22.95,37.75,12.3,0.983739837398374
23-Jan-2018 09:29:00,12.1,350,19.1,32.3,30.6,22.95,37.6,12.35,0.979757085020243
23-Jan-2018 09:30:00,12.05,350,19.1666666666667,32.3,30.5333333333333,22.95,37.5,12.25,0.983673469387755
23-Jan-2018 09:31:00,11.98,350,19.1666666666667,32.4,30.6,22.95,37.2,12.3333333333333,0.971351351351352
23-Jan-2018 09:32:00,11.9,350,19.1666666666667,32.3,30.6,22.95,37.15,12.2833333333333,0.968792401628223
23-Jan-2018 09:33:00,12.2,350,19.1666666666667,32.35,30.6,22.95,38,12.3083333333333,0.991198375084631
23-Jan-2018 09:34:00,12.3,350,19.3,32.4,30.65,22.95,38.225,12.225,1.00613496932515
23-Jan-2018 09:35:00,12.1,350,19.25,32.4,30.65,22.95,37.85,12.275,0.985743380855397
23-Jan-2018 09:36:00,12.3,350,19.25,32.35,30.6666666666667,22.95,38.4,12.2583333333333,1.00339904826649
23-Jan-2018 09:37:00,12.15,350,19.25,32.35,30.65,22.95,38.0666666666667,12.25,0.991836734693878
23-Jan-2018 09:38:00,12.05,350,19.25,32.35,30.65,22.95,37.4,12.25,0.983673469387755
23-Jan-2018 09:39:00,12.1,350,19.25,32.35,30.65,22.9,37.6666666666667,12.25,0.987755102040817
23-Jan-2018 09:40:00,12.1,350,19.25,32.3,30.65,23,37.6666666666667,12.225,0.989775051124745
23-Jan-2018 09:41:00,11.7,300,19.2333333333333,32.25,30.65,22.9,36.65,12.2166666666667,0.957708049113233
23-Jan-2018 09:42:00,11.6333333333333,300,19.2333333333333,32.4,30.65,22.9,36,12.2916666666667,0.946440677966102
23-Jan-2018 09:43:00,12,300,19.1,32.5,30.8,22.9666666666667,36.7,12.55,0.956175298804781
23-Jan-2018 09:44:00,12.4666666666667,400,19.1,32.6,30.75,22.9666666666667,38.02,12.575,0.991385023194168
23-Jan-2018 09:45:00,12.575,400,19.1,32.6,30.75,22.9666666666667,38.25,12.575,1
23-Jan-2018 09:46:00,12.525,400,19.1,32.6,30.7333333333333,22.9666666666667,38.1,12.5666666666667,0.996684350132626
23-Jan-2018 09:47:00,12.3,400,19,32.55,30.7666666666667,22.9,37.25,12.6583333333333,0.971691902567479
23-Jan-2018 09:48:00,11.9666666666667,300,19.05,32.4666666666667,30.7,22.9,36.075,12.5333333333333,0.954787234042553
23-Jan-2018 09:49:00,11.75,300,19.05,32.4666666666667,30.7,22.9,35.7166666666667,12.5333333333333,0.9375
23-Jan-2018 09:50:00,11.85,300,19.05,32.6,30.8,22.9,35.5142857142857,12.65,0.936758893280632
23-Jan-2018 09:51:00,12.2,300,18.95,32.6,30.8,22.9666666666667,36.3,12.75,0.956862745098039
23-Jan-2018 09:52:00,12.36,300,18.95,32.6,30.9,22.9666666666667,36.95,12.8,0.965625
23-Jan-2018 09:53:00,12.38,366.666666666667,19.1,32.7,30.85,22.9666666666667,37.3666666666667,12.675,0.9767258382643
23-Jan-2018 09:54:00,12.2,350,19.2,32.7,30.8,22.9666666666667,37.2333333333333,12.55,0.97211155378486
23-Jan-2018 09:55:00,12.1333333333333,300,19.2,32.7,30.8666666666667,22.9666666666667,36.9,12.5833333333333,0.964238410596027
23-Jan-2018 09:56:00,12.175,350,19.3,32.7,30.85,22.95,37.15,12.475,0.975951903807615
23-Jan-2018 09:57:00,12.35,400,19.3,32.8,30.95,22.95,37.5,12.575,0.982107355864811
23-Jan-2018 09:58:00,12.5,400,19.4,32.7,30.95,22.95,38.4,12.425,1.00603621730382
23-Jan-2018 09:59:00,12.6,400,19.4,32.8,30.95,22.95,38.4,12.475,1.01002004008016
23-Jan-2018 10:00:00,12.45,400,19.4,32.8,30.95,22.95,38.1,12.475,0.997995991983968
23-Jan-2018 10:01:00,12.45,400,19.4,32.8,30.95,22.95,38.1,12.475,0.997995991983968
23-Jan-2018 10:02:00,12.45,400,19.4,32.8,30.95,22.95,38.1,12.475,0.997995991983968
23-Jan-2018 10:03:00,12.45,400,19.4,32.8,30.95,22.95,38.1,12.475,0.997995991983968
23-Jan-2018 10:04:00,12.45,400,19.4,32.8,30.95,22.95,38.1,12.475,0.997995991983968
23-Jan-2018 10:05:00,12.45,400,19.4,32.8,30.95,22.95,38.1,12.475,0.997995991983968
23-Jan-2018 10:06:00,12.45,400,19.4,32.8,30.95,22.95,38.1,12.475,0.997995991983968
23-Jan-2018 10:07:00,12.45,400,19.4,32.8,30.95,22.95,38.1,12.475,0.997995991983968
23-Jan-2018 10:08:00,12.45,400,19.4,32.8,30.95,22.95,38.1,12.475,0.997995991983968
23-Jan-2018 10:09:00,12.45,400,19.4,32.8,30.95,22.95,38.1,12.475,0.997995991983968
23-Jan-2018 10:10:00,12.45,400,19.4,32.8,30.95,22.95,38.1,12.475,0.997995991983968
23-Jan-2018 10:11:00,12.45,400,19.4,32.8,30.95,22.95,38.1,12.475,0.997995991983968
23-Jan-2018 10:12:00,12.45,400,19.4,32.8,30.95,22.95,38.1,12.475,0.997995991983968
23-Jan-2018 10:13:00,12.45,400,19.4,32.8,30.95,22.95,38.1,12.475,0.997995991983968
23-Jan-2018 10:14:00,12.45,400,19.4,32.8,30.95,22.95,38.1,12.475,0.997995991983968
23-Jan-2018 10:15:00,12.45,400,19.4,32.8,30.95,22.95,38.1,12.475,0.997995991983968
23-Jan-2018 10:16:00,12.45,400,19.4,32.8,30.95,22.95,38.1,12.475,0.997995991983968
23-Jan-2018 10:17:00,12.45,400,19.4,32.8,30.95,22.95,38.1,12.475,0.997995991983968
23-Jan-2018 10:18:00,12.45,400,19.4,32.8,30.95,22.95,38.1,12.475,0.997995991983968
23-Jan-2018 10:19:00,12.45,400,19.4,32.8,30.95,22.95,38.1,12.475,0.997995991983968
23-Jan-2018 10:20:00,12.45,400,19.4,32.8,30.95,22.95,38.1,12.475,0.997995991983968
23-Jan-2018 10:21:00,12.45,400,19.4,32.8,30.95,22.95,38.1,12.475,0.997995991983968
23-Jan-2018 10:22:00,12.45,400,19.4,32.8,30.95,22.95,38.1,12.475,0.997995991983968
23-Jan-2018 10:23:00,12.45,400,19.4,32.8,30.95,22.95,38.1,12.475,0.997995991983968
23-Jan-2018 10:24:00,12.45,400,19.4,32.8,30.95,22.95,38.1,12.475,0.997995991983968
23-Jan-2018 10:25:00,12.45,400,19.4,32.8,30.95,22.95,38.1,12.475,0.997995991983968
23-Jan-2018 10:26:00,12.45,400,19.4,32.8,30.95,22.95,38.1,12.475,0.997995991983968
23-Jan-2018 10:27:00,12.45,400,19.4,32.8,30.95,22.95,38.1,12.475,0.997995991983968
23-Jan-2018 10:28:00,12.45,400,19.4,32.8,30.95,22.95,38.1,12.475,0.997995991983968
23-Jan-2018 10:29:00,12.45,400,19.4,32.8,30.95,22.95,38.1,12.475,0.997995991983968
23-Jan-2018 10:30:00,12.45,400,19.4,32.8,30.95,22.95,38.1,12.475,0.997995991983968
23-Jan-2018 10:31:00,12.45,400,19.4,32.8,30.95,22.95,38.1,12.475,0.997995991983968
23-Jan-2018 10:32:00,12.45,400,19.4,32.8,30.95,22.95,38.1,12.475,0.997995991983968
23-Jan-2018 10:33:00,12.45,400,19.4,32.8,30.95,22.95,38.1,12.475,0.997995991983968
23-Jan-2018 10:34:00,12.45,400,19.4,32.8,30.95,22.95,38.1,12.475,0.997995991983968
23-Jan-2018 10:35:00,12.45,400,19.4,32.8,30.95,22.95,38.1,12.475,0.997995991983968
23-Jan-2018 10:36:00,12.45,400,19.4,32.8,30.95,22.95,38.1,12.475,0.997995991983968
23-Jan-2018 10:37:00,12.45,400,19.4,32.8,30.95,22.95,38.1,12.475,0.997995991983968
23-Jan-2018 10:38:00,12.45,400,19.4,32.8,30.95,22.95,38.1,12.475,0.997995991983968
23-Jan-2018 10:39:00,12.45,400,19.4,32.8,30.95,22.95,38.1,12.475,0.997995991983968
23-Jan-2018 10:40:00,12.45,400,19.4,32.8,30.95,22.95,38.1,12.475,0.997995991983968
23-Jan-2018 10:41:00,12.45,400,19.4,32.8,30.95,22.95,38.1,12.475,0.997995991983968
23-Jan-2018 10:42:00,12.45,400,19.4,32.8,30.95,22.95,38.1,12.475,0.997995991983968
23-Jan-2018 10:43:00,12.45,400,19.4,32.8,30.95,22.95,38.1,12.475,0.997995991983968
23-Jan-2018 10:44:00,12.45,400,19.1,32.7,30.9,23,38.1,12.7,0.980314960629921
23-Jan-2018 10:45:00,12.5,400,19.2,32.9,31.1,23,37.5,12.8,0.9765625
23-Jan-2018 10:46:00,12.7,400,19.3,33,31.05,23,38.2666666666667,12.725,0.99803536345776
23-Jan-2018 10:47:00,12.6,400,19.3,32.9,31.05,23,38.3,12.675,0.994082840236686
23-Jan-2018 10:48:00,12.5,400,19.3,32.8,31,23,38,12.6,0.992063492063492
23-Jan-2018 10:49:00,12.4,400,19.3,32.8,31,22.9,37.8,12.6,0.984126984126984
23-Jan-2018 10:50:00,12.1,300,19.3,32.8,31,22.9,37.15,12.6,0.96031746031746
23-Jan-2018 10:51:00,12,300,19.2,32.8,31,22.9,36.35,12.7,0.94488188976378
23-Jan-2018 10:52:00,12.2,300,19.2,32.9,31.1,22.9,36.3333333333333,12.8,0.953125
23-Jan-2018 10:53:00,12.4,300,19.1,32.85,31.05,22.9,36.8,12.85,0.964980544747082
23-Jan-2018 10:54:00,12.5,400,19.1,32.75,31,23,37.3,12.775,0.978473581213307
23-Jan-2018 10:55:00,12.35,300,19,32.85,31.1,22.95,36.8,12.975,0.951830443159923
23-Jan-2018 10:56:00,12.5,300,19,32.85,31,22.95,36.8,12.925,0.967117988394584
23-Jan-2018 10:57:00,12.4,300,19,32.8,31.1,22.95,36.8,12.95,0.957528957528958
23-Jan-2018 10:58:00,12.3,300,19,32.8,31,22.95,36.5,12.9,0.953488372093023
23-Jan-2018 10:59:00,12.6,400,19.1,32.9,31.1,22.95,37.2,12.9,0.976744186046512
23-Jan-2018 11:00:00,12.4,300,19.2,32.8,31,22.95,37.1,12.7,0.976377952755906
23-Jan-2018 11:01:00,12.1,300,19.2,32.8,31.1,22.9,36.35,12.75,0.949019607843137
23-Jan-2018 11:02:00,12,300,19.2,32.8,31,22.95,36.2,12.7,0.94488188976378
23-Jan-2018 11:03:00,12.15,300,19.25,32.8,31.1,23,36.7,12.7,0.956692913385827
23-Jan-2018 11:04:00,12.1,300,19.25,32.9,31.1,23,36.4666666666667,12.75,0.949019607843137
23-Jan-2018 11:05:00,12,300,19.25,32.8,31,23,36.2,12.65,0.948616600790514
23-Jan-2018 11:06:00,12.2,300,19.25,32.9,31.1,23,36.7,12.75,0.956862745098039
23-Jan-2018 11:07:00,12.4,300,19.25,32.9,31.05,23,37.2,12.725,0.974459724950884
23-Jan-2018 11:08:00,12.3,300,19.25,32.9,31.05,23,36.7,12.725,0.966601178781925
23-Jan-2018 11:09:00,12.3,300,19.25,32.9,31.05,22.95,36.7,12.725,0.966601178781925
23-Jan-2018 11:10:00,12.5,300,19.25,32.95,31.05,22.95,37.2,12.75,0.980392156862745
23-Jan-2018 11:11:00,12.4,400,19.25,32.95,31.05,22.95,37.3,12.75,0.972549019607843
23-Jan-2018 11:12:00,12.5,400,19.3,32.95,31,22.95,37.45,12.675,0.986193293885602
23-Jan-2018 11:13:00,12.3,300,19.3,32.85,31.1,22.95,37,12.675,0.970414201183432
23-Jan-2018 11:14:00,12.5,400,19.3,32.85,31.1,22.95,37.6,12.675,0.986193293885602
23-Jan-2018 11:15:00,12.5,350,19.3,33,31.1,22.95,37.45,12.75,0.980392156862745
23-Jan-2018 11:16:00,12.5,350,19.3,33,31.1,22.95,37.6,12.75,0.980392156862745
23-Jan-2018 11:17:00,12.3,300,19.2,32.95,31.1,22.9,36.9,12.825,0.95906432748538
23-Jan-2018 11:18:00,12.5,400,19.2,32.95,31.1,22.95,37.05,12.825,0.974658869395711
23-Jan-2018 11:19:00,12.5,300,19.2,32.9,31.1,23,37.2,12.8,0.9765625
23-Jan-2018 11:20:00,12.3,300,19.1,32.9,31.1,23,36.6,12.9,0.953488372093023
23-Jan-2018 11:21:00,12.6,300,19.1,33,31.1,22.95,36.75,12.95,0.972972972972973
23-Jan-2018 11:22:00,12.7,400,19,33,31.1,22.95,37.5,13.05,0.973180076628353
23-Jan-2018 11:23:00,12.4,300,19,32.9,31.1,22.95,36.5,13,0.953846153846154
23-Jan-2018 11:24:00,12.3,300,19,32.9,31.1,22.9,36.35,13,0.946153846153846
23-Jan-2018 11:25:00,12.35,300,19,32.9,31.1,22.9,36.5,13,0.95
23-Jan-2018 11:26:00,12.4,300,19.1,32.95,31.1,23,36.6,12.925,0.959381044487427
23-Jan-2018 11:27:00,12.5,400,19.1,32.95,31.1,23,37.25,12.925,0.967117988394584
23-Jan-2018 11:28:00,12.4,300,19.2,32.85,31.1,23,37.2,12.775,0.970645792563601
23-Jan-2018 11:29:00,12.4,400,19.3,32.8,31.1,23,37.5,12.65,0.980237154150198
23-Jan-2018 11:30:00,12.25,300,19.3,32.9,31.1,23,37,12.7,0.964566929133858
23-Jan-2018 11:31:00,12.25,300,19.3,32.9,31.1,23,37,12.7,0.964566929133858
23-Jan-2018 11:32:00,12,300,19.3,32.8,31.1,23,36.4,12.65,0.948616600790514
23-Jan-2018 11:33:00,12.3,300,19.3,32.95,31.2,23,36.9,12.775,0.962818003913894
23-Jan-2018 11:34:00,12.4,350,19.3,33,31.15,23,37.2,12.775,0.970645792563601
23-Jan-2018 11:35:00,12.55,400,19.2,32.95,31.15,23,37.65,12.85,0.976653696498055
23-Jan-2018 11:36:00,12.4,300,19.2,32.95,31.15,23,36.95,12.85,0.964980544747082
23-Jan-2018 11:37:00,12.5,300,19.2,33.1,31.1,23,37.2,12.9,0.968992248062015
23-Jan-2018 11:38:00,12.7,400,19.2,33,31.2,23,37.8,12.9,0.984496124031008
23-Jan-2018 11:39:00,12.7,400,19.1,33,31.2,23,37.6,13,0.976923076923077
23-Jan-2018 11:40:00,12.7,400,19.1,33,31.15,23,37.4,12.975,0.978805394990366
23-Jan-2018 11:41:00,12.5,300,19,33,31.1,22.9,37.2,13.05,0.957854406130268
23-Jan-2018 11:42:00,12.3,300,19,32.9,31.1,22.9,36.5,13,0.946153846153846
23-Jan-2018 11:43:00,12.3,300,19,32.9,31.1,22.9,36.2,13,0.946153846153846
23-Jan-2018 11:44:00,12.3,300,19,33,31.1,22.9,36.25,13.05,0.942528735632184
23-Jan-2018 11:45:00,12.45,300,19.1,33,31.1,23,36.9,12.95,0.961389961389962
23-Jan-2018 11:46:00,12.1,350,19.2,32.85,31,23,36.8,12.725,0.950884086444008
23-Jan-2018 11:47:00,12,350,19.3,32.9,31.1,22.95,36.15,12.7,0.94488188976378
23-Jan-2018 11:48:00,12.2,350,19.3,33,31.1,22.95,36.65,12.75,0.956862745098039
23-Jan-2018 11:49:00,12.45,400,19.3,32.9,31.1,22.95,37.6,12.7,0.980314960629921
23-Jan-2018 11:50:00,12.45,400,19.4,32.9,31.1,22.95,37.6,12.6,0.988095238095238
23-Jan-2018 11:51:00,12.2,300,19.3,32.9,31.1,22.95,36.85,12.7,0.960629921259843
23-Jan-2018 11:52:00,12.2,300,19.3,32.9,31.1,22.9,36.45,12.7,0.960629921259843
23-Jan-2018 11:53:00,12.3,300,19.2,32.9,31.15,23,36.55,12.825,0.95906432748538
23-Jan-2018 11:54:00,12.5,400,19.2,32.95,31.15,23,37.3,12.85,0.972762645914397
23-Jan-2018 11:55:00,12.6,400,19.2,32.95,31.2,23,37.4,12.875,0.978640776699029
23-Jan-2018 11:56:00,12.7,400,19.1,33,31.2,23,37.55,13,0.976923076923077
23-Jan-2018 11:57:00,12.55,300,19.1,33,31.15,22.9,37.1,12.975,0.967244701348748
23-Jan-2018 11:58:00,12.4,300,19.1,33,31.15,23,36.6,12.975,0.955684007707129
23-Jan-2018 11:59:00,12.6,300,19.1,33,31.1,23,37,12.95,0.972972972972973
23-Jan-2018 12:00:00,12.4,300,19,33,31.2,22.9,36.5,13.1,0.946564885496183
23-Jan-2018 12:01:00,12.4,300,19,33,31.2,23,36.35,13.1,0.946564885496183
23-Jan-2018 12:02:00,12.2,300,19.1,32.9,31.1,23,36.45,12.9,0.945736434108527
23-Jan-2018 12:03:00,12.3666666666667,300,19.1,32.9,31.1,22.95,36.65,12.9,0.958656330749354
23-Jan-2018 12:04:00,12.5,300,19.2,32.9,31.2,22.95,37.2,12.85,0.972762645914397
23-Jan-2018 12:05:00,12.35,400,19.3,32.9,31.2,22.95,36.95,12.75,0.968627450980392
23-Jan-2018 12:06:00,12.35,350,19.3,33,31.1,22.95,37.05,12.75,0.968627450980392
23-Jan-2018 12:07:00,12.3,350,19.3,32.9,31.2,22.95,37.2,12.75,0.964705882352942
23-Jan-2018 12:08:00,12.55,350,19.3,33,31.15,22.95,37.7,12.775,0.98238747553816
23-Jan-2018 12:09:00,12.55,350,19.3,33,31.15,22.95,37.9,12.775,0.98238747553816
23-Jan-2018 12:10:00,12.5,350,19.4,33,31.15,22.95,37.75,12.675,0.986193293885601
23-Jan-2018 12:11:00,12.5,350,19.3,33,31.15,22.95,37.75,12.775,0.978473581213307
23-Jan-2018 12:12:00,12.3,300,19.3,33,31.15,22.95,36.85,12.775,0.962818003913894
23-Jan-2018 12:13:00,12.5,300,19.2,32.95,31.15,22.9,36.95,12.85,0.972762645914397
23-Jan-2018 12:14:00,12.4,300,19.2,32.95,31.3,22.9,36.7333333333333,12.925,0.959381044487427
23-Jan-2018 12:15:00,12.55,300,19.1,32.95,31.2,22.9,36.9,12.975,0.967244701348748
23-Jan-2018 12:16:00,12.7,400,19.1,32.95,31.2,22.95,37.45,12.975,0.978805394990366
23-Jan-2018 12:17:00,12.4,300,19,32.95,31.2,22.95,36.35,13.075,0.948374760994264
23-Jan-2018 12:18:00,12.4,300,19,33.1,31.2,23,36.15,13.15,0.942965779467681
23-Jan-2018 12:19:00,12.6,300,19,33,31.2,23,36.25,13.1,0.961832061068702
23-Jan-2018 12:20:00,12.45,300,19,33,31.1,23,36.25,13.05,0.954022988505747
23-Jan-2018 12:21:00,12.3,300,19.1,33,31.2,23,36.25,13,0.946153846153846
23-Jan-2018 12:22:00,12.4,300,19.2,33,31.15,23,36.9,12.875,0.963106796116505
23-Jan-2018 12:23:00,12.4,400,19.3,32.9,31.1,23,37.35,12.7,0.976377952755906
23-Jan-2018 12:24:00,12.3,300,19.3,33,31.2,22.95,36.85,12.8,0.9609375
23-Jan-2018 12:25:00,12.3,300,19.3,33,31.2,22.95,36.85,12.8,0.9609375
23-Jan-2018 12:26:00,12.3333333333333,400,19.3,33.1,31.2,22.95,37.4,12.85,0.959792477302205
23-Jan-2018 12:27:00,12.65,400,19.3,33.05,31.15,22.95,37.8,12.8,0.98828125
23-Jan-2018 12:28:00,12.4,300,19.3,33,31.15,22.95,37.2,12.775,0.970645792563601
23-Jan-2018 12:29:00,12.4,400,19.3,33,31.1,22.9,37.2,12.75,0.972549019607843
23-Jan-2018 12:30:00,12.15,300,19.3,33,31.2,22.9,36.4,12.8,0.94921875
23-Jan-2018 12:31:00,12.15,300,19.2,33,31.2,22.9,36.45,12.9,0.941860465116279
23-Jan-2018 12:32:00,12.35,300,19.2,33.1,31.2,22.9,36.3666666666667,12.95,0.953667953667954
23-Jan-2018 12:33:00,12.35,300,19.1,33.1,31.2,23,36.7,13.05,0.946360153256705
23-Jan-2018 12:34:00,12.75,400,19.1,33.0333333333333,31.2,23,37.6,13.0166666666667,0.979513444302177
23-Jan-2018 12:35:00,12.7,400,19.1,33.0333333333333,31.1,23,37.55,12.9666666666667,0.979434447300772
23-Jan-2018 12:36:00,12.5,300,19.1,33.05,31.2,23,36.85,13.025,0.959692898272553
23-Jan-2018 12:37:00,12.5,300,19.1,33.1,31.2,23,36.85,13.05,0.957854406130268
23-Jan-2018 12:38:00,12.5,300,19.1,33,31.2,23,36.85,13,0.961538461538462
23-Jan-2018 12:39:00,12.5,300,19.1,33.1,31.2,22.9,36.8,13.05,0.957854406130268
23-Jan-2018 12:40:00,12.4,300,19,33,31.15,22.95,36.5,13.075,0.948374760994264
23-Jan-2018 12:41:00,12.4,300,19.1,33.1,31.15,23,36.35,13.025,0.952015355086372
23-Jan-2018 12:42:00,12.6,400,19.2,33,31.3,23,37.05,12.95,0.972972972972973
23-Jan-2018 12:43:00,12.6,400,19.2,32.9,31.2,23,37.5,12.85,0.980544747081712
23-Jan-2018 12:44:00,12.45,300,19.3,33,31.1,23,37.1,12.75,0.976470588235294
23-Jan-2018 12:45:00,12.35,300,19.3,33,31.2,22.95,37.1,12.8,0.96484375
23-Jan-2018 12:46:00,12.35,300,19.4,33,31.15,22.95,37.05,12.675,0.974358974358974
23-Jan-2018 12:47:00,12.4,300,19.4,33.1,31.15,22.95,37,12.725,0.974459724950884
23-Jan-2018 12:48:00,12.35,300,19.3,33,31.15,22.95,37,12.775,0.966731898238748
23-Jan-2018 12:49:00,12.35,300,19.3,33,31.15,22.95,37,12.775,0.966731898238748
23-Jan-2018 12:50:00,12.3,300,19.3,33.05,31.15,22.95,36.75,12.8,0.960937500000001
23-Jan-2018 12:51:00,12.3,300,19.2,33.05,31.15,22.95,36.75,12.9,0.953488372093024
23-Jan-2018 12:52:00,12.6,400,19.2,33.05,31.1,22.95,37.5,12.875,0.978640776699029
23-Jan-2018 12:53:00,12.45,300,19.2,33.05,31.2,22.95,37.1,12.925,0.963249516441006
23-Jan-2018 12:54:00,12.45,300,19.2,33.05,31.2,22.95,37.1,12.925,0.963249516441006
23-Jan-2018 12:55:00,12.45,300,19.2,33.05,31.2,22.95,36.75,12.925,0.963249516441006
23-Jan-2018 12:56:00,12.6,300,19.1,33.05,31.2,22.95,36.75,13.025,0.967370441458733
23-Jan-2018 12:57:00,12.4,300,19.1,33.1,31.2,22.95,36.5,13.05,0.950191570881226
23-Jan-2018 12:58:00,12.6,300,19.1,33,31.2,22.95,37,13,0.969230769230769
23-Jan-2018 12:59:00,12.6,300,19.1,33.1,31.2,22.95,36.9,13.05,0.96551724137931
23-Jan-2018 13:00:00,12.6,300,19,33,31.2,22.95,36.9,13.1,0.961832061068702
23-Jan-2018 13:01:00,12.6,300,19,33,31.1,22.95,36.9,13.05,0.96551724137931
23-Jan-2018 13:02:00,12.5,300,19.1,33,31.2,22.95,36.9,13,0.961538461538462
23-Jan-2018 13:03:00,12.5,300,19.1,32.9,31.1,22.9,36.9,12.9,0.968992248062016
23-Jan-2018 13:04:00,12.15,300,19.2,33,31.1,22.9,36.25,12.85,0.945525291828794
23-Jan-2018 13:05:00,12.45,400,19.2,33.05,31.2333333333333,23,37.0666666666667,12.9416666666667,0.962009014810045
23-Jan-2018 13:06:00,12.7,400,19.3,33.05,31.2333333333333,23,38.05,12.8416666666667,0.988968202465931
23-Jan-2018 13:07:00,12.8,400,19.4,33.1,31.3,23,38.45,12.8,1
23-Jan-2018 13:08:00,12.7,400,19.4,33.0333333333333,31.2333333333333,23,38.22,12.7333333333333,0.997382198952879
23-Jan-2018 13:09:00,12.6,400,19.45,33.0333333333333,31.2333333333333,23,38.05,12.6833333333333,0.993429697766097
23-Jan-2018 13:10:00,12.4,400,19.4666666666667,32.95,31.2333333333333,22.9333333333333,37.55,12.625,0.982178217821782
23-Jan-2018 13:11:00,12.5,400,19.4,33.06,31.25,22.95,37.3,12.755,0.98000784006272
23-Jan-2018 13:12:00,12.5,333.333333333333,19.4,33.06,31.25,22.95,37.3,12.755,0.98000784006272
23-Jan-2018 13:13:00,12.475,350,19.3,33.05,31.25,22.95,37.35,12.85,0.970817120622568
23-Jan-2018 13:14:00,12.7,400,19.3,33.05,31.25,23,37.9666666666667,12.85,0.988326848249027
23-Jan-2018 13:15:00,12.825,400,19.3,33.15,31.25,23,38.05,12.9,0.994186046511628
23-Jan-2018 13:16:00,12.68,300,19.2,33,31.1333333333333,22.9,37.55,12.8666666666667,0.985492227979274
23-Jan-2018 13:17:00,12.38,300,19.2,33.05,31.15,22.9,36.78,12.9,0.95968992248062
23-Jan-2018 13:18:00,12.4,300,19.1,33.05,31.15,22.9,36.62,13,0.953846153846154
23-Jan-2018 13:19:00,12.4666666666667,300,19.1,33.0666666666667,31.2,22.9,36.55,13.0333333333333,0.956521739130435
23-Jan-2018 13:20:00,12.55,300,19,33.0666666666667,31.25,23,36.65,13.1583333333333,0.953768207726409
23-Jan-2018 13:21:00,12.8333333333333,366.666666666667,19,33.0666666666667,31.25,23,37.35,13.1583333333333,0.97530082330589
23-Jan-2018 13:22:00,12.8333333333333,366.666666666667,19,33,31.15,23,37.75,13.075,0.981516889738687
23-Jan-2018 13:23:00,12.7,366.666666666667,19.1,33,31.15,23,37.3,12.975,0.978805394990366
23-Jan-2018 13:24:00,12.55,333.333333333333,19.1,33.05,31.1333333333333,22.9333333333333,36.9,12.9916666666667,0.966003848620911
23-Jan-2018 13:25:00,12.45,333.333333333333,19.2,33.0666666666667,31.2,22.9666666666667,36.78,12.9333333333333,0.962628865979381
23-Jan-2018 13:26:00,12.425,333.333333333333,19.2,33,31.1,22.95,36.8333333333333,12.85,0.966926070038911
23-Jan-2018 13:27:00,12.425,333.333333333333,19.3,33.1,31.2,22.95,36.8333333333333,12.85,0.966926070038911
23-Jan-2018 13:28:00,12.425,333.333333333333,19.3,33.1,31.15,22.95,37.1,12.825,0.968810916179337
23-Jan-2018 13:29:00,12.5,350,19.4,33.05,31.15,22.95,37.35,12.7,0.984251968503937
23-Jan-2018 13:30:00,12.65,400,19.3333333333333,33.05,31.15,22.95,37.5666666666667,12.7666666666667,0.990861618798955
23-Jan-2018 13:31:00,12.6,400,19.3333333333333,33.05,31.2666666666667,22.95,37.8,12.825,0.982456140350877
23-Jan-2018 13:32:00,12.7333333333333,400,19.35,33.15,31.2,22.95,37.9333333333333,12.825,0.992852501624431
23-Jan-2018 13:33:00,12.75,400,19.35,33.1,31.2666666666667,22.95,37.95,12.8333333333333,0.993506493506493
23-Jan-2018 13:34:00,12.46,350,19.35,33.1,31.3,22.95,36.95,12.85,0.969649805447471
23-Jan-2018 13:35:00,12.44,350,19.2,33,31.2333333333333,22.95,37.02,12.9166666666667,0.963096774193548
23-Jan-2018 13:36:00,13.05,350,19.2,33,31.2333333333333,22.95,38.65,12.9166666666667,1.01032258064516
23-Jan-2018 13:37:00,12.925,350,19.2,33.15,31.1,22.95,38.45,12.925,1
23-Jan-2018 13:38:00,12.725,300,19.2,33.1333333333333,31.2,22.9,37.825,12.9666666666667,0.981362467866324
23-Jan-2018 13:39:00,12.775,400,19.25,33.15,31.3,22.95,37.75,12.975,0.984585741811175
23-Jan-2018 13:40:00,12.8666666666667,400,19.3,33.1,31.3,22.9666666666667,38.0833333333333,12.9,0.997416020671835
23-Jan-2018 13:41:00,12.925,400,19.3,33.05,31.25,22.9666666666667,38.8,12.85,1.00583657587549
23-Jan-2018 13:42:00,13.3,400,19.3,33.0666666666667,31.25,22.9666666666667,39.35,12.8583333333333,1.03434867141931
23-Jan-2018 13:43:00,13.225,400,19.3,33.0666666666667,31.35,22.9666666666667,39.2714285714286,12.9083333333333,1.02453195610071
23-Jan-2018 13:44:00,12.9666666666667,400,19.35,33.2,31.25,22.9666666666667,39.2714285714286,12.875,1.00711974110032
23-Jan-2018 13:45:00,12.8333333333333,400,19.35,33.0666666666667,31.35,22.9,38.25,12.8583333333333,0.998055735580039
23-Jan-2018 13:46:00,13,400,19.4,33.0666666666667,31.35,23,38.7,12.8083333333333,1.01496421600521
23-Jan-2018 13:47:00,13.0333333333333,400,19.4,33.2,31.35,23,39.0333333333333,12.875,1.01229773462783
23-Jan-2018 13:48:00,12.975,400,19.5,33.2,31.35,23,38.8666666666667,12.775,1.01565557729941
23-Jan-2018 13:49:00,12.975,400,19.5,33.1333333333333,31.35,23,38.8666666666667,12.7416666666667,1.01831262262917
23-Jan-2018 13:50:00,12.7666666666667,400,19.5,33.15,31.25,22.9333333333333,38.3,12.7,1.00524934383202
23-Jan-2018 13:51:00,12.775,400,19.5666666666667,33.1666666666667,31.35,23,38.6,12.6916666666667,1.00656598818122
23-Jan-2018 13:52:00,12.9,400,19.5666666666667,33.1666666666667,31.3666666666667,23,39.1,12.7,1.01574803149606
23-Jan-2018 13:53:00,13.2,400,19.5666666666667,33.15,31.3,23,39.72,12.6583333333333,1.04279131007242
23-Jan-2018 13:54:00,13.2,466.666666666667,19.5666666666667,33.15,31.3,23,39.98,12.6583333333333,1.04279131007242
23-Jan-2018 13:55:00,13.0833333333333,400,19.5666666666667,33.25,31.35,23,39.6,12.7333333333333,1.02748691099476
23-Jan-2018 13:56:00,13.05,400,19.7,33.1,31.35,23,39.75,12.525,1.04191616766467
23-Jan-2018 13:57:00,13.04,400,19.6333333333333,33.15,31.35,23,39.85,12.6166666666667,1.0335535006605
23-Jan-2018 13:58:00,12.9,400,19.6333333333333,33.15,31.3,22.9,38.95,12.5916666666667,1.02448709463931
23-Jan-2018 13:59:00,12.85,400,19.5,33.15,31.3,22.9,38.7666666666667,12.725,1.0098231827112
23-Jan-2018 14:00:00,12.85,400,19.4,33.15,31.35,23,38.25,12.85,1
23-Jan-2018 14:01:00,13.15,400,19.3,33.1666666666667,31.3666666666667,22.9,38.25,12.9666666666667,1.01413881748072
23-Jan-2018 14:02:00,13.1,400,19.3,33.2,31.4,23,38.55,13,1.00769230769231
23-Jan-2018 14:03:00,13.1,400,19.3,33.2,31.4,22.95,38.5166666666667,13,1.00769230769231
23-Jan-2018 14:04:00,13.1333333333333,400,19.2,33.2,31.4,22.95,38.5333333333333,13.1,1.00254452926209
23-Jan-2018 14:05:00,13.3333333333333,400,19.2,33.25,31.4,22.95,39.05,13.125,1.01587301587302
23-Jan-2018 14:06:00,13.2,400,19.2666666666667,33.25,31.4,22.95,38.74,13.0583333333333,1.01084875558392
23-Jan-2018 14:07:00,13.4,400,19.4,33.15,31.3333333333333,22.95,39.7,12.8416666666667,1.04347826086957
23-Jan-2018 14:08:00,13.3333333333333,450,19.5,33.1,31.35,22.95,39.75,12.725,1.04780615586117
23-Jan-2018 14:09:00,12.925,450,19.6,33.12,31.25,22.9333333333333,39,12.585,1.02701628923321
23-Jan-2018 14:10:00,12.9,450,19.6,33.15,31.3666666666667,22.9666666666667,39,12.6583333333333,1.01909150757077
23-Jan-2018 14:11:00,12.9,450,19.6,33.1,31.35,22.9,39.1,12.625,1.02178217821782
23-Jan-2018 14:12:00,12.95,450,19.6,33.2,31.35,22.9666666666667,38.75,12.675,1.02169625246548
23-Jan-2018 14:13:00,13.15,450,19.6,33.25,31.35,22.9666666666667,39.6,12.7,1.03543307086614
23-Jan-2018 14:14:00,13.1666666666667,450,19.6,33.25,31.3,22.9666666666667,39.7666666666667,12.675,1.0387902695595
23-Jan-2018 14:15:00,13.1,450,19.6,33.2,31.4,22.95,39.7,12.7,1.03149606299213
23-Jan-2018 14:16:00,13.18,450,19.6,33.2,31.35,22.95,39.65,12.675,1.03984220907298
23-Jan-2018 14:17:00,12.925,450,19.5,33.2,31.3,22.9,38.85,12.75,1.01372549019608
23-Jan-2018 14:18:00,13,450,19.4,33.2,31.3666666666667,23,38.8,12.8833333333333,1.00905562742561
23-Jan-2018 14:19:00,12.9333333333333,450,19.4,33.2,31.35,22.9333333333333,38.45,12.875,1.00453074433657
23-Jan-2018 14:20:00,13.05,450,19.3,33.1,31.3,22.9666666666667,38.55,12.9,1.01162790697674
23-Jan-2018 14:21:00,12.95,450,19.3,33.2,31.35,22.95,38.3,12.975,0.998073217726397
23-Jan-2018 14:22:00,13.36,450,19.3,33.15,31.4,22.95,39.26,12.975,1.02967244701349
23-Jan-2018 14:23:00,13.4,450,19.3,33.15,31.3,22.95,39.5,12.925,1.03675048355899
23-Jan-2018 14:24:00,13.34,450,19.3,33.25,31.3666666666667,22.95,39.4,13.0083333333333,1.02549647661755
23-Jan-2018 14:25:00,13.1666666666667,450,19.4,33.25,31.3333333333333,22.9333333333333,38.85,12.8916666666667,1.0213316095669
23-Jan-2018 14:26:00,13,450,19.4,33.25,31.35,22.95,38.6,12.9,1.0077519379845
23-Jan-2018 14:27:00,13.05,450,19.5,33.25,31.35,23,39.1,12.8,1.01953125
23-Jan-2018 14:28:00,13,450,19.6,33.25,31.35,23,39.35,12.7,1.02362204724409
23-Jan-2018 14:29:00,12.9333333333333,450,19.6,33.15,31.3666666666667,22.95,39.1,12.6583333333333,1.02172481895984
23-Jan-2018 14:30:00,13.125,450,19.6,33.15,31.3333333333333,22.95,39.76,12.6416666666667,1.03823335530653
23-Jan-2018 14:31:00,13.1,450,19.7,33.15,31.3666666666667,22.95,39.8,12.5583333333333,1.04313205043132
23-Jan-2018 14:32:00,13.1,450,19.7,33.15,31.3,22.95,39.75,12.525,1.04590818363273
23-Jan-2018 14:33:00,12.95,450,19.6,33.15,31.35,22.9,39.6,12.65,1.02371541501976
23-Jan-2018 14:34:00,13,450,19.6,33.15,31.4,22.95,39,12.675,1.02564102564103
23-Jan-2018 14:35:00,13,450,19.5,33.15,31.35,22.96,39.15,12.75,1.01960784313725
23-Jan-2018 14:36:00,13.2,450,19.5,33.15,31.35,22.96,39.15,12.75,1.03529411764706
23-Jan-2018 14:37:00,13.18,450,19.4,33.15,31.35,22.95,39.1,12.85,1.02568093385214
23-Jan-2018 14:38:00,13.3333333333333,450,19.4,33.15,31.35,22.95,39.5666666666667,12.85,1.03761348897536
23-Jan-2018 14:39:00,13.4,450,19.4,33.25,31.35,22.95,39.6666666666667,12.9,1.03875968992248
23-Jan-2018 14:40:00,13.25,450,19.4,33.25,31.35,22.95,39.25,12.9,1.02713178294574
23-Jan-2018 14:41:00,13.35,450,19.3,33.25,31.3,22.9,39.4,12.975,1.02890173410405
23-Jan-2018 14:42:00,13.1666666666667,450,19.3,33.15,31.3666666666667,22.9,38.95,12.9583333333333,1.01607717041801
23-Jan-2018 14:43:00,13.175,450,19.4,33.15,31.35,22.9666666666667,38.9,12.85,1.02529182879377
23-Jan-2018 14:44:00,13.2,450,19.5,33.1,31.3,22.9666666666667,39.4,12.7,1.03937007874016
23-Jan-2018 14:45:00,13.2,450,19.5,33.15,31.35,22.9666666666667,39.65,12.75,1.03529411764706
23-Jan-2018 14:46:00,13,450,19.6,33.16,31.3666666666667,22.9666666666667,39.65,12.6633333333333,1.02658594366939
23-Jan-2018 14:47:00,12.9,450,19.6,33.15,31.35,22.9,39.05,12.65,1.0197628458498
23-Jan-2018 14:48:00,12.94,450,19.6,33.15,31.35,22.9666666666667,39.275,12.65,1.02292490118577
23-Jan-2018 14:49:00,13.05,450,19.6,33.1333333333333,31.35,22.9666666666667,39.55,12.6416666666667,1.0323005932762
23-Jan-2018 14:50:00,13.05,450,19.6,33.2,31.3333333333333,22.95,39.55,12.6666666666667,1.03026315789474
23-Jan-2018 14:51:00,13.0666666666667,450,19.6,33.2,31.3666666666667,22.95,39.55,12.6833333333333,1.03022339027595
23-Jan-2018 14:52:00,13,450,19.5,33.2,31.35,22.95,38.9,12.775,1.01761252446184
23-Jan-2018 14:53:00,13.15,450,19.5,33.25,31.35,22.95,39.2,12.8,1.02734375
23-Jan-2018 14:54:00,13.18,450,19.4,33.15,31.35,22.95,39.4333333333333,12.85,1.02568093385214
23-Jan-2018 14:55:00,13.0333333333333,450,19.4,33.15,31.35,22.95,38.8,12.85,1.01426718547341
23-Jan-2018 14:56:00,13,450,19.4666666666667,33.15,31.35,22.95,38.8,12.7833333333333,1.01694915254237
23-Jan-2018 14:57:00,13.1,450,19.4666666666667,33.15,31.35,22.95,39.1666666666667,12.7833333333333,1.02477183833116
23-Jan-2018 14:58:00,13.1,450,19.4666666666667,33.15,31.35,22.95,39.55,12.7833333333333,1.02477183833116
23-Jan-2018 14:59:00,13.275,450,19.4666666666667,33.1333333333333,31.3333333333333,22.95,39.8,12.7666666666667,1.03981723237598
23-Jan-2018 15:00:00,13.2333333333333,450,19.55,33.2,31.3666666666667,22.95,39.7,12.7333333333333,1.03926701570681
23-Jan-2018 15:01:00,13.075,450,19.56,33.1333333333333,31.34,22.9,39.4,12.6766666666667,1.03142256113595
23-Jan-2018 15:02:00,13,450,19.5,33,31.34,23,39.05,12.67,1.02604577742699
23-Jan-2018 15:03:00,12.8833333333333,450,19.5,33.05,31.2,22.9333333333333,38.9166666666667,12.625,1.02046204620462
23-Jan-2018 15:04:00,13,450,19.4,33.05,31.25,23,39.15,12.75,1.01960784313725
23-Jan-2018 15:05:00,12.85,450,19.4,33.05,31.25,22.9333333333333,38.6,12.75,1.0078431372549
23-Jan-2018 15:06:00,12.95,450,19.4,33.05,31.25,22.9666666666667,38.8666666666667,12.75,1.0156862745098
23-Jan-2018 15:07:00,12.9,450,19.4,33.05,31.15,22.9666666666667,38.8666666666667,12.7,1.01574803149606
23-Jan-2018 15:08:00,12.86,450,19.5,32.95,31.15,22.9666666666667,39.25,12.55,1.02470119521912
23-Jan-2018 15:09:00,12.7666666666667,450,19.5,32.9,31.1,22.95,38.45,12.5,1.02133333333333
23-Jan-2018 15:10:00,12.75,450,19.4,32.95,31.2,22.95,38.85,12.675,1.00591715976331
23-Jan-2018 15:11:00,12.8,450,19.4,32.8,31.1,22.95,39.15,12.55,1.0199203187251
23-Jan-2018 15:12:00,12.7333333333333,450,19.4,32.8666666666667,31.1,22.9,38.7666666666667,12.5833333333333,1.01192052980132
23-Jan-2018 15:13:00,12.7,450,19.4,32.85,31.05,22.96,38.5666666666667,12.55,1.01195219123506
23-Jan-2018 15:14:00,12.7,450,19.3,32.85,31.05,22.94,38.55,12.65,1.00395256916996
23-Jan-2018 15:15:00,12.7666666666667,450,19.3,32.95,31.05,22.95,38.42,12.7,1.00524934383202
23-Jan-2018 15:16:00,12.725,400,19.4,32.95,31.05,22.9666666666667,38.45,12.6,1.00992063492063
23-Jan-2018 15:17:00,12.75,400,19.4,32.85,31.0333333333333,22.9666666666667,38.8333333333333,12.5416666666667,1.01661129568106
23-Jan-2018 15:18:00,12.7,400,19.5,32.8,31.1,22.9666666666667,39.1,12.45,1.02008032128514
23-Jan-2018 15:19:00,12.68,400,19.5,32.8666666666667,31.05,22.95,39.15,12.4583333333333,1.01779264214047
23-Jan-2018 15:20:00,12.675,400,19.5,32.85,31.0333333333333,22.95,39.15,12.4416666666667,1.01875418620228
23-Jan-2018 15:21:00,12.75,400,19.5,32.8,31.0333333333333,22.95,39.4333333333333,12.4166666666667,1.02684563758389
23-Jan-2018 15:22:00,12.85,400,19.6,32.85,31.0333333333333,22.95,39.7,12.3416666666667,1.04118838622552
23-Jan-2018 15:23:00,12.775,400,19.55,32.85,31.05,22.95,39.5666666666667,12.4,1.03024193548387
23-Jan-2018 15:24:00,12.6,400,19.55,32.9,31.1,22.9333333333333,39.05,12.45,1.01204819277108
23-Jan-2018 15:25:00,12.65,400,19.5333333333333,32.9,31.05,22.9666666666667,38.9714285714286,12.4416666666667,1.01674480910918
23-Jan-2018 15:26:00,12.8,400,19.5333333333333,32.8,31.04,22.9666666666667,39.65,12.3866666666667,1.03336921420883
23-Jan-2018 15:27:00,12.8166666666667,400,19.5333333333333,32.85,31.04,22.9666666666667,39.4,12.4116666666667,1.03263058949913
23-Jan-2018 15:28:00,12.85,400,19.5333333333333,32.85,31.05,22.9666666666667,39.6,12.4166666666667,1.03489932885906
23-Jan-2018 15:29:00,12.9333333333333,400,19.5333333333333,32.8666666666667,31.1,22.95,39.6333333333333,12.45,1.03882195448461
23-Jan-2018 15:30:00,12.82,400,19.5333333333333,32.8,31.05,22.95,39.3,12.3916666666667,1.03456624075319
23-Jan-2018 15:31:00,12.65,400,19.4,32.8666666666667,31.05,22.9333333333333,38.75,12.5583333333333,1.00729927007299
23-Jan-2018 15:32:00,12.65,400,19.4,32.85,31,23,38.55,12.525,1.00998003992016
23-Jan-2018 15:33:00,12.875,400,19.4,32.8,31.05,22.95,39.25,12.525,1.02794411177645
23-Jan-2018 15:34:00,12.75,400,19.35,32.9,31.0666666666667,22.9,38.75,12.6333333333333,1.00923482849604
23-Jan-2018 15:35:00,12.75,400,19.3,32.8,31.05,22.95,38.725,12.625,1.00990099009901
23-Jan-2018 15:36:00,12.8,400,19.3,32.9,31,22.9666666666667,38.8333333333333,12.65,1.01185770750988
23-Jan-2018 15:37:00,12.9,400,19.3,32.8,31.05,22.9666666666667,39.2,12.625,1.02178217821782
23-Jan-2018 15:38:00,12.75,400,19.3,32.8,31.05,22.9,38.5,12.625,1.00990099009901
23-Jan-2018 15:39:00,12.76,400,19.3,32.8,31.05,22.9666666666667,38.7666666666667,12.625,1.01069306930693
23-Jan-2018 15:40:00,12.65,400,19.3,32.8,31.05,22.94,38.525,12.625,1.0019801980198
23-Jan-2018 15:41:00,12.6666666666667,400,19.4,32.8,31.05,22.9666666666667,38.525,12.525,1.01131071190951
23-Jan-2018 15:42:00,12.95,400,19.4,32.8,31.05,22.9666666666667,39.625,12.525,1.03393213572854
23-Jan-2018 15:43:00,12.86,400,19.5,32.8,31.05,22.9666666666667,39.6,12.425,1.03501006036217
23-Jan-2018 15:44:00,12.7,400,19.6,32.7,30.9,22.9666666666667,39.3666666666667,12.2,1.04098360655738
23-Jan-2018 15:45:00,12.7,400,19.6,32.8,31,22.9666666666667,39.55,12.3,1.03252032520325
23-Jan-2018 15:46:00,12.45,400,19.6,32.8,31,22.9,38.75,12.3,1.01219512195122
23-Jan-2018 15:47:00,12.45,400,19.6,32.8,31,22.9,38.55,12.3,1.01219512195122
23-Jan-2018 15:48:00,12.6,400,19.5333333333333,32.8,31,22.9666666666667,38.9,12.3666666666667,1.0188679245283
23-Jan-2018 15:49:00,12.6,400,19.5333333333333,32.8,30.95,22.9666666666667,38.9,12.3416666666667,1.02093180283592
23-Jan-2018 15:50:00,12.775,400,19.4,32.8,31.05,22.9666666666667,39.25,12.525,1.01996007984032
23-Jan-2018 15:51:00,12.85,400,19.45,32.8,31.05,22.9666666666667,39.4,12.475,1.03006012024048
23-Jan-2018 15:52:00,12.75,400,19.45,32.8,31.05,22.9666666666667,39.4,12.475,1.02204408817635
23-Jan-2018 15:53:00,12.825,400,19.45,32.8,31.05,22.9666666666667,39.2,12.475,1.02805611222445
23-Jan-2018 15:54:00,12.8,400,19.45,32.85,31.05,22.9666666666667,38.7,12.5,1.024
23-Jan-2018 15:55:00,12.76,400,19.45,32.85,31.05,22.95,39,12.5,1.0208
23-Jan-2018 15:56:00,12.6,400,19.45,32.85,31.05,22.9333333333333,38.3666666666667,12.5,1.008
23-Jan-2018 15:57:00,12.6333333333333,400,19.3,32.85,31.05,23,38.35,12.65,0.998682476943347
23-Jan-2018 15:58:00,12.7,400,19.3,32.85,30.95,22.9,38.4666666666667,12.6,1.00793650793651
23-Jan-2018 15:59:00,12.65,400,19.3,32.85,30.95,22.95,38.3666666666667,12.6,1.00396825396825
23-Jan-2018 16:00:00,12.9,400,19.2,32.85,30.95,23,38.95,12.7,1.01574803149606
23-Jan-2018 16:01:00,12.85,400,19.3,32.85,30.95,23,39.05,12.6,1.01984126984127
23-Jan-2018 16:02:00,12.88,400,19.3,32.85,30.95,23,39.25,12.6,1.02222222222222
23-Jan-2018 16:03:00,12.7,400,19.4,32.85,30.95,22.95,39.02,12.5,1.016
23-Jan-2018 16:04:00,12.5,400,19.5,32.7,30.9333333333333,22.9333333333333,38.4,12.3166666666667,1.0148849797023
23-Jan-2018 16:05:00,12.46,400,19.6,32.75,30.95,22.9666666666667,38.85,12.25,1.01714285714286
23-Jan-2018 16:06:00,12.5,400,19.55,32.75,30.95,22.9666666666667,39.2,12.3,1.01626016260163
23-Jan-2018 16:07:00,12.4,400,19.55,32.75,31,22.95,38.7,12.325,1.00608519269777
23-Jan-2018 16:08:00,12.55,400,19.55,32.8,31.05,22.95,38.9,12.375,1.01414141414141
23-Jan-2018 16:09:00,12.55,400,19.55,32.75,31.05,22.95,38.9,12.35,1.01619433198381
23-Jan-2018 16:10:00,12.65,400,19.5,32.75,30.95,22.95,39.3,12.35,1.02429149797571
23-Jan-2018 16:11:00,12.5,400,19.5,32.75,30.95,22.95,38.825,12.35,1.01214574898785
23-Jan-2018 16:12:00,12.6666666666667,400,19.4,32.75,30.95,22.95,38.825,12.45,1.01740294511379
23-Jan-2018 16:13:00,12.9,400,19.4,32.75,30.95,22.95,39.25,12.45,1.03614457831325
23-Jan-2018 16:14:00,12.6,400,19.4,32.7,30.95,22.95,38.5,12.425,1.01408450704225
23-Jan-2018 16:15:00,12.6,400,19.3333333333333,32.8,30.95,22.9,38.35,12.5416666666667,1.0046511627907
23-Jan-2018 16:16:00,12.74,400,19.3333333333333,32.8,30.95,23,38.7,12.5416666666667,1.01581395348837
23-Jan-2018 16:17:00,13.1,400,19.3333333333333,32.85,30.95,23,39.6,12.5666666666667,1.04244031830239
23-Jan-2018 16:18:00,13.0666666666667,400,19.3333333333333,32.85,30.9,23,39.725,12.5416666666667,1.04186046511628
23-Jan-2018 16:19:00,12.825,400,19.3333333333333,32.75,31,22.9333333333333,39.0333333333333,12.5416666666667,1.02259136212625
23-Jan-2018 16:20:00,12.94,400,19.3333333333333,32.85,31.0666666666667,22.9666666666667,39.1,12.625,1.02495049504951
23-Jan-2018 16:21:00,12.8666666666667,400,19.3333333333333,32.85,31.0333333333333,22.9,38.85,12.6083333333333,1.02048909451421
23-Jan-2018 16:22:00,12.68,400,19.3333333333333,32.75,31.1,22.9,38.6333333333333,12.5916666666667,1.00701522170748
23-Jan-2018 16:23:00,12.6666666666667,400,19.35,32.75,31.0333333333333,23,38.5,12.5416666666667,1.00996677740864
23-Jan-2018 16:24:00,12.8333333333333,400,19.4,32.85,31.0333333333333,23,39.05,12.5416666666667,1.02325581395349
23-Jan-2018 16:25:00,12.9,400,19.5,32.85,31.0333333333333,23,39.68,12.4416666666667,1.03683858004019
23-Jan-2018 16:26:00,12.7,400,19.6,32.75,31.0333333333333,23,39.5666666666667,12.2916666666667,1.03322033898305
23-Jan-2018 16:27:00,12.7,400,19.6,32.7333333333333,30.9,23,39.6,12.2166666666667,1.03956343792633
23-Jan-2018 16:28:00,12.5333333333333,400,19.6,32.7333333333333,30.9,22.9,39.2333333333333,12.2166666666667,1.02592087312415
23-Jan-2018 16:29:00,12.45,400,19.6,32.7666666666667,30.9666666666667,22.95,38.8,12.2666666666667,1.01494565217391
23-Jan-2018 16:30:00,12.55,400,19.5,32.7666666666667,30.95,23,38.85,12.3583333333333,1.01550910316925
23-Jan-2018 16:31:00,12.625,400,19.4,32.7666666666667,30.95,22.95,38.9333333333333,12.4583333333333,1.0133779264214
23-Jan-2018 16:32:00,12.78,400,19.4,32.75,30.95,22.95,39.4333333333333,12.45,1.02650602409639
23-Jan-2018 16:33:00,12.9166666666667,400,19.4,32.85,31.05,22.95,39.42,12.55,1.02921646746348
23-Jan-2018 16:34:00,12.8,400,19.4,32.85,30.95,22.95,38.8,12.5,1.024
23-Jan-2018 16:35:00,12.9,400,19.4,32.9,30.95,22.95,39.3,12.525,1.02994011976048
23-Jan-2018 16:36:00,12.775,400,19.4,32.8,30.95,22.9,38.9,12.475,1.02404809619238
23-Jan-2018 16:37:00,12.7,400,19.4,32.8,31.05,22.96,38.7333333333333,12.525,1.01397205588822
23-Jan-2018 16:38:00,12.6,400,19.4,32.85,31.05,22.9,38.4666666666667,12.55,1.00398406374502
23-Jan-2018 16:39:00,12.6,400,19.4,32.7333333333333,30.9,23,38.9,12.4166666666667,1.01476510067114
23-Jan-2018 16:40:00,12.575,400,19.3333333333333,32.75,30.95,22.95,38.425,12.5166666666667,1.00466045272969
23-Jan-2018 16:41:00,12.625,400,19.3333333333333,32.75,31,22.95,38.5333333333333,12.5416666666667,1.00664451827243
23-Jan-2018 16:42:00,12.775,400,19.3333333333333,32.8,30.95,22.95,38.95,12.5416666666667,1.01860465116279
23-Jan-2018 16:43:00,12.8833333333333,400,19.3333333333333,32.8,30.95,22.95,39.14,12.5416666666667,1.02724252491694
23-Jan-2018 16:44:00,12.9666666666667,400,19.3333333333333,32.75,30.95,22.95,39.525,12.5166666666667,1.03595206391478
23-Jan-2018 16:45:00,12.95,450,19.35,32.75,30.95,22.95,39.6,12.5,1.036
23-Jan-2018 16:46:00,12.65,450,19.4,32.75,30.95,22.9333333333333,38.95,12.45,1.01606425702811
23-Jan-2018 16:47:00,12.6,450,19.4,32.75,30.95,22.95,38.7666666666667,12.45,1.01204819277108
23-Jan-2018 16:48:00,12.7333333333333,450,19.5,32.75,30.95,22.95,39.2666666666667,12.35,1.03103913630229
23-Jan-2018 16:49:00,12.55,450,19.5,32.75,30.9,23,38.75,12.325,1.01825557809331
23-Jan-2018 16:50:00,12.7,450,19.6,32.75,30.95,23,39.5,12.25,1.03673469387755
23-Jan-2018 16:51:00,12.575,450,19.6,32.7,30.95,23,39.3666666666667,12.225,1.02862985685072
23-Jan-2018 16:52:00,12.5,450,19.6,32.8,31,22.95,39.0666666666667,12.3,1.01626016260163
23-Jan-2018 16:53:00,12.7,450,19.6,32.8,30.9,22.95,39.55,12.25,1.03673469387755
23-Jan-2018 16:54:00,12.4,450,19.6,32.7,30.9666666666667,22.9333333333333,38.75,12.2333333333333,1.01362397820163
23-Jan-2018 16:55:00,12.5,450,19.6,32.7,30.9,23,39.2,12.2,1.02459016393443
23-Jan-2018 16:56:00,12.4,450,19.5,32.7,30.95,22.9333333333333,38.6,12.325,1.00608519269777
23-Jan-2018 16:57:00,12.525,450,19.4,32.8,31.05,22.9666666666667,38.62,12.525,1
23-Jan-2018 16:58:00,12.625,450,19.4,32.7333333333333,31,22.9666666666667,38.6333333333333,12.4666666666667,1.01270053475936
23-Jan-2018 16:59:00,12.7,450,19.3333333333333,32.8,31,22.9666666666667,38.55,12.5666666666667,1.0106100795756
23-Jan-2018 17:00:00,12.75,450,19.3333333333333,32.75,31,22.95,38.875,12.5416666666667,1.01661129568106
23-Jan-2018 17:01:00,12.9,450,19.3333333333333,32.75,30.95,22.95,39.15,12.5166666666667,1.0306258322237
23-Jan-2018 17:02:00,12.7,450,19.3333333333333,32.75,30.95,22.9333333333333,38.65,12.5166666666667,1.01464713715047
23-Jan-2018 17:03:00,12.6333333333333,450,19.3333333333333,32.7333333333333,30.95,22.95,38.4333333333333,12.5083333333333,1.00999333777482
23-Jan-2018 17:04:00,12.8,450,19.2,32.8,30.95,23,38.35,12.675,1.00986193293886
23-Jan-2018 17:05:00,13,450,19.2,32.8,30.95,23,39.15,12.675,1.02564102564103
23-Jan-2018 17:06:00,12.8,450,19.2,32.8,30.95,22.95,38.62,12.675,1.00986193293886
23-Jan-2018 17:07:00,12.94,450,19.3,32.8,30.95,22.95,39.175,12.575,1.02902584493042
23-Jan-2018 17:08:00,12.875,450,19.4,32.9,31.0666666666667,22.95,39.1333333333333,12.5833333333333,1.02317880794702
23-Jan-2018 17:09:00,12.88,450,19.5,32.8,30.95,22.95,39.7,12.375,1.04080808080808
23-Jan-2018 17:10:00,12.7,450,19.6,32.75,31,22.95,39.7,12.275,1.03462321792261
23-Jan-2018 17:11:00,12.6,450,19.6,32.7,30.95,22.9,39.65,12.225,1.03067484662577
23-Jan-2018 17:12:00,12.56,450,19.6,32.75,30.95,23,39.3,12.25,1.02530612244898
23-Jan-2018 17:13:00,12.4,450,19.6,32.7666666666667,30.9,22.9333333333333,38.9,12.2333333333333,1.01362397820164
23-Jan-2018 17:14:00,12.55,450,19.6,32.75,30.95,23,39.05,12.25,1.02448979591837
23-Jan-2018 17:15:00,12.7,450,19.6,32.75,31,23,39.05,12.275,1.03462321792261
23-Jan-2018 17:16:00,12.72,450,19.5,32.75,31,22.95,39.3,12.375,1.02787878787879
23-Jan-2018 17:17:00,12.72,400,19.5,32.7,30.95,22.9,39.3,12.325,1.03204868154158
23-Jan-2018 17:18:00,12.72,400,19.4,32.8,30.9,22.95,39.05,12.45,1.02168674698795
23-Jan-2018 17:19:00,12.6333333333333,400,19.3,32.75,31,22.95,38.6,12.575,1.00463883366468
23-Jan-2018 17:20:00,12.6333333333333,400,19.3,32.75,31,22.95,38.4,12.575,1.00463883366468
23-Jan-2018 17:21:00,12.875,400,19.3,32.75,31,23,39.15,12.575,1.02385685884692
23-Jan-2018 17:22:00,12.9333333333333,400,19.3,32.8,31,23,39.25,12.6,1.02645502645503
23-Jan-2018 17:23:00,13.05,400,19.3,32.8,30.9666666666667,23,39.55,12.5833333333333,1.03708609271523
23-Jan-2018 17:24:00,12.85,400,19.2,32.75,30.95,22.9,39.15,12.65,1.01581027667984
23-Jan-2018 17:25:00,12.725,400,19.3,32.75,30.95,22.9,38.65,12.55,1.01394422310757
23-Jan-2018 17:26:00,12.7,400,19.3,32.75,30.95,22.9666666666667,38.55,12.55,1.01195219123506
23-Jan-2018 17:27:00,12.825,400,19.4,32.75,30.9333333333333,22.9666666666667,39.3,12.4416666666667,1.03081044876088
23-Jan-2018 17:28:00,12.9,450,19.5,32.75,30.95,22.9666666666667,39.8666666666667,12.35,1.04453441295547
23-Jan-2018 17:29:00,12.9,450,19.6,32.75,30.95,22.9666666666667,39.85,12.25,1.0530612244898
23-Jan-2018 17:30:00,12.55,450,19.6,32.75,30.95,22.95,39.2,12.25,1.02448979591837
23-Jan-2018 17:31:00,12.6,450,19.6,32.75,30.9666666666667,22.9,39.2,12.2583333333333,1.02787219578518
23-Jan-2018 17:32:00,12.58,450,19.5,32.7,30.9666666666667,23,38.92,12.3333333333333,1.02
23-Jan-2018 17:33:00,12.6,450,19.5,32.8,30.95,22.95,38.8,12.375,1.01818181818182
23-Jan-2018 17:34:00,12.7833333333333,450,19.4333333333333,32.75,30.9,22.95,39.4166666666667,12.3916666666667,1.03160726294553
23-Jan-2018 17:35:00,12.9,450,19.4333333333333,32.85,31,22.95,39.7,12.4916666666667,1.03268845897265
23-Jan-2018 17:36:00,12.7,450,19.4333333333333,32.8,30.95,22.9,38.8333333333333,12.4416666666667,1.02076356329538
23-Jan-2018 17:37:00,12.75,450,19.4333333333333,32.75,30.95,22.9666666666667,39.05,12.4166666666667,1.02684563758389
23-Jan-2018 17:38:00,12.85,450,19.4333333333333,32.8,31.05,22.9666666666667,39.6,12.4916666666667,1.02868579052702
23-Jan-2018 17:39:00,12.7666666666667,450,19.5,32.8,31.05,22.9666666666667,39.2666666666667,12.425,1.02749832327297
23-Jan-2018 17:40:00,12.7,450,19.5,32.7,30.9,22.9666666666667,39.45,12.3,1.03252032520325
23-Jan-2018 17:41:00,12.68,450,19.5,32.7666666666667,30.9,22.9666666666667,39.45,12.3333333333333,1.02810810810811
23-Jan-2018 17:42:00,12.6,450,19.5,32.75,31,22.9333333333333,38.65,12.375,1.01818181818182
23-Jan-2018 17:43:00,12.5,450,19.5,32.75,30.95,22.95,38.7,12.35,1.01214574898785
23-Jan-2018 17:44:00,12.75,450,19.4,32.75,30.95,23,39.05,12.45,1.02409638554217
23-Jan-2018 17:45:00,12.8,450,19.4,32.85,30.95,23,39.1833333333333,12.5,1.024
23-Jan-2018 17:46:00,12.9,450,19.4,32.85,30.95,23,39.35,12.5,1.032
23-Jan-2018 17:47:00,12.85,450,19.3,32.85,30.95,23,39.35,12.6,1.01984126984127
23-Jan-2018 17:48:00,12.64,450,19.3,32.85,30.95,22.9,38.5,12.6,1.0031746031746
23-Jan-2018 17:49:00,12.8,450,19.3,32.85,30.95,23,38.7166666666667,12.6,1.01587301587302
23-Jan-2018 17:50:00,12.9,450,19.3,32.85,30.95,23,39.15,12.6,1.02380952380952
23-Jan-2018 17:51:00,12.8333333333333,450,19.3,32.85,30.95,22.9,38.96,12.6,1.01851851851852
23-Jan-2018 17:52:00,12.6,450,19.3,32.7,30.95,22.95,38.25,12.525,1.0059880239521
23-Jan-2018 17:53:00,12.8666666666667,450,19.2,32.8,30.95,23,38.8666666666667,12.675,1.01512163050625
23-Jan-2018 17:54:00,12.85,450,19.3,32.75,30.95,23,38.95,12.55,1.02390438247012
23-Jan-2018 17:55:00,12.65,450,19.3,32.7333333333333,30.95,22.95,38.95,12.5416666666667,1.00863787375415
23-Jan-2018 17:56:00,12.725,450,19.4,32.75,30.95,22.95,39.0333333333333,12.45,1.02208835341365
23-Jan-2018 17:57:00,12.7,450,19.5,32.8,30.95,22.95,39.1666666666667,12.375,1.02626262626263
23-Jan-2018 17:58:00,12.65,450,19.6,32.75,30.9333333333333,22.95,39.46,12.2416666666667,1.03335602450647
23-Jan-2018 17:59:00,12.72,450,19.6,32.75,30.9666666666667,22.95,39.6,12.2583333333333,1.03766145479266
23-Jan-2018 18:00:00,12.775,450,19.6,32.9,30.95,22.95,39.6,12.325,1.03651115618661
23-Jan-2018 18:01:00,12.7333333333333,450,19.6,32.75,30.9,22.95,39.6666666666667,12.225,1.04158145875937
23-Jan-2018 18:02:00,12.7333333333333,450,19.6,32.7666666666667,30.95,22.95,39.75,12.2583333333333,1.03874915023793
23-Jan-2018 18:03:00,12.6,450,19.5,32.7,30.9666666666667,22.9333333333333,39,12.3333333333333,1.02162162162162
23-Jan-2018 18:04:00,12.725,450,19.5,32.7666666666667,30.95,22.95,39,12.3583333333333,1.02966958867161
23-Jan-2018 18:05:00,12.4666666666667,450,19.4,32.75,30.95,22.95,38.3333333333333,12.45,1.00133868808568
23-Jan-2018 18:06:00,12.58,450,19.3,32.75,30.95,22.95,38.6,12.55,1.00239043824701
23-Jan-2018 18:07:00,12.72,450,19.3,32.8,31.05,23,38.8666666666667,12.625,1.00752475247525
23-Jan-2018 18:08:00,12.9,450,19.3,32.8,31.05,23,39.3,12.625,1.02178217821782
23-Jan-2018 18:09:00,12.75,450,19.3,32.7,31.05,22.9,38.6,12.575,1.01391650099404
23-Jan-2018 18:10:00,12.65,450,19.3,32.8,31.05,22.9,38.45,12.625,1.0019801980198
23-Jan-2018 18:11:00,12.725,450,19.2333333333333,32.8,31.05,22.9666666666667,38.2666666666667,12.6916666666667,1.00262639527249
23-Jan-2018 18:12:00,13,450,19.2333333333333,32.85,31.05,22.9666666666667,39.42,12.7166666666667,1.02228047182176
23-Jan-2018 18:13:00,12.94,450,19.3,32.75,30.9,22.9666666666667,39.26,12.525,1.03313373253493
23-Jan-2018 18:14:00,12.6,450,19.4,32.75,31,22.9333333333333,38.6333333333333,12.475,1.01002004008016
23-Jan-2018 18:15:00,12.45,450,19.5,32.7333333333333,31,22.95,38.4,12.3666666666667,1.00673854447439
23-Jan-2018 18:16:00,12.75,450,19.5,32.75,30.9,23,39.55,12.325,1.03448275862069
23-Jan-2018 18:17:00,12.775,450,19.5,32.75,30.9,23,39.8,12.325,1.03651115618661
23-Jan-2018 18:18:00,12.78,450,19.6,32.75,30.95,23,39.82,12.25,1.04326530612245
23-Jan-2018 18:19:00,12.6,450,19.6,32.8,30.95,23,39.4,12.275,1.02647657841141
23-Jan-2018 18:20:00,12.4666666666667,450,19.6,32.8,30.9666666666667,22.95,39.1,12.2833333333333,1.01492537313433
23-Jan-2018 18:21:00,12.6,450,19.6,32.85,30.9,22.9,39.3,12.275,1.02647657841141
23-Jan-2018 18:22:00,12.5,450,19.6,32.7333333333333,31,22.9666666666667,38.9,12.2666666666667,1.01902173913043
23-Jan-2018 18:23:00,12.45,450,19.5,32.8,30.95,22.9333333333333,38.65,12.375,1.00606060606061
23-Jan-2018 18:24:00,12.6,450,19.4,32.8,30.95,22.96,38.6666666666667,12.475,1.01002004008016
23-Jan-2018 18:25:00,12.6333333333333,450,19.4,32.85,30.9,22.95,38.7333333333333,12.475,1.0126920507682
23-Jan-2018 18:26:00,12.6333333333333,450,19.3,32.7,30.95,22.95,38.7333333333333,12.525,1.0086493679308
23-Jan-2018 18:27:00,12.775,450,19.3,32.8,31,22.95,38.9,12.6,1.01388888888889
23-Jan-2018 18:28:00,12.7,450,19.3,32.7,31,22.95,38.9,12.55,1.01195219123506
23-Jan-2018 18:29:00,12.7,450,19.3,32.8,31,22.95,38.4,12.6,1.00793650793651
23-Jan-2018 18:30:00,13,450,19.3,32.8,31,22.95,39.1666666666667,12.6,1.03174603174603
23-Jan-2018 18:31:00,12.9166666666667,450,19.3,32.8,31,22.95,39.16,12.6,1.02513227513228
23-Jan-2018 18:32:00,12.95,450,19.2,32.7,31,22.95,39.25,12.65,1.02371541501976
23-Jan-2018 18:33:00,12.75,450,19.25,32.8,31,22.9,38.45,12.65,1.00790513833992
23-Jan-2018 18:34:00,12.72,450,19.3,32.8,30.95,22.95,38.48,12.575,1.01153081510934
23-Jan-2018 18:35:00,12.7,450,19.3,32.7,30.9,22.9666666666667,38.7,12.5,1.016
23-Jan-2018 18:36:00,12.8,450,19.4,32.8,30.9666666666667,22.9666666666667,39.25,12.4833333333333,1.02536715620828
23-Jan-2018 18:37:00,12.65,450,19.5,32.75,30.95,22.9666666666667,39.1,12.35,1.02429149797571
23-Jan-2018 18:38:00,12.55,450,19.5,32.85,30.95,22.95,38.7333333333333,12.4,1.01209677419355
23-Jan-2018 18:39:00,12.5,450,19.5,32.85,30.95,22.95,38.65,12.4,1.00806451612903
23-Jan-2018 18:40:00,12.7,450,19.5,32.85,30.95,22.95,39.55,12.4,1.0241935483871
23-Jan-2018 18:41:00,12.68,450,19.5,32.85,30.9333333333333,22.95,39.3666666666667,12.3916666666667,1.02326832548756
23-Jan-2018 18:42:00,12.6,450,19.5,32.85,31,22.95,38.8,12.425,1.01408450704225
23-Jan-2018 18:43:00,12.74,450,19.4,32.75,30.95,22.95,39.35,12.45,1.02329317269076
23-Jan-2018 18:44:00,12.7666666666667,450,19.4,32.7333333333333,30.9333333333333,22.95,39.3333333333333,12.4333333333333,1.02680965147453
23-Jan-2018 18:45:00,12.6,450,19.4,32.7333333333333,30.9666666666667,22.9333333333333,38.7666666666667,12.45,1.01204819277108
23-Jan-2018 18:46:00,12.6333333333333,450,19.4,32.8,30.95,22.9666666666667,38.9333333333333,12.475,1.0126920507682
23-Jan-2018 18:47:00,12.8,450,19.5,32.75,30.95,22.9666666666667,39.4333333333333,12.35,1.03643724696356
23-Jan-2018 18:48:00,12.75,450,19.4,32.75,30.9,22.9666666666667,39.1,12.425,1.0261569416499
23-Jan-2018 18:49:00,12.7,450,19.4,32.75,31,22.9666666666667,39.1,12.475,1.01803607214429
23-Jan-2018 18:50:00,12.65,450,19.5,32.75,31,22.9,38.8,12.375,1.02222222222222
23-Jan-2018 18:51:00,12.625,450,19.45,32.85,31,23,38.775,12.475,1.01202404809619
23-Jan-2018 18:52:00,12.8,450,19.45,32.85,30.95,23,39.35,12.45,1.0281124497992
23-Jan-2018 18:53:00,12.6,450,19.45,32.85,30.95,23,38.95,12.45,1.01204819277108
23-Jan-2018 18:54:00,12.6,450,19.4,32.85,30.95,22.95,38.6,12.5,1.008
23-Jan-2018 18:55:00,12.7333333333333,450,19.4,32.85,30.95,22.95,38.8,12.5,1.01866666666667
23-Jan-2018 18:56:00,12.9,450,19.35,32.85,30.95,22.95,39.38,12.55,1.02788844621514
23-Jan-2018 18:57:00,12.8,450,19.3,32.85,30.95,22.9,38.6,12.6,1.01587301587302
23-Jan-2018 18:58:00,12.85,450,19.3,32.85,30.95,23,38.75,12.6,1.01984126984127
23-Jan-2018 18:59:00,12.8,450,19.3,32.74,30.9,22.95,38.85,12.52,1.0223642172524
23-Jan-2018 19:00:00,12.7,450,19.3,32.8,31,22.9333333333333,38.4333333333333,12.6,1.00793650793651
23-Jan-2018 19:01:00,12.7,450,19.2,32.8,31,22.9666666666667,38.2666666666667,12.7,1
23-Jan-2018 19:02:00,12.7333333333333,450,19.2,32.75,31,22.95,38.4333333333333,12.675,1.00460223537147
23-Jan-2018 19:03:00,12.7333333333333,450,19.2,32.7,31,22.95,38.7,12.65,1.00658761528327
23-Jan-2018 19:04:00,12.8,450,19.3,32.7666666666667,30.95,22.95,38.95,12.5583333333333,1.01924353019244
23-Jan-2018 19:05:00,12.8666666666667,450,19.4,32.7666666666667,31.05,22.95,39.25,12.5083333333333,1.02864756828781
23-Jan-2018 19:06:00,12.9,450,19.5,32.7666666666667,31.05,22.95,39.525,12.4083333333333,1.03962390866353
23-Jan-2018 19:07:00,12.675,450,19.5,32.7666666666667,30.95,22.95,39.4,12.3583333333333,1.02562373567094
23-Jan-2018 19:08:00,12.7,450,19.6,32.7,30.9,22.95,39.5,12.2,1.04098360655738
23-Jan-2018 19:09:00,12.66,450,19.6,32.7666666666667,30.9,22.95,39.6333333333333,12.2333333333333,1.03487738419619
23-Jan-2018 19:10:00,12.5166666666667,450,19.5,32.7666666666667,30.9,22.95,38.9,12.3333333333333,1.01486486486486
23-Jan-2018 19:11:00,12.575,450,19.5,32.7333333333333,30.95,22.95,39,12.3416666666667,1.01890614449696
23-Jan-2018 19:12:00,12.6666666666667,450,19.4,32.7666666666667,30.95,22.95,39,12.4583333333333,1.01672240802676
23-Jan-2018 19:13:00,12.6,450,19.4,32.85,30.9666666666667,22.95,38.7,12.5083333333333,1.00732844770153
23-Jan-2018 19:14:00,12.9,450,19.4,32.85,30.9666666666667,22.95,39.4,12.5083333333333,1.03131245836109
23-Jan-2018 19:15:00,12.8,450,19.4,32.85,31.05,22.95,39.45,12.55,1.0199203187251
23-Jan-2018 19:16:00,12.7,450,19.4666666666667,32.85,31.05,22.95,38.95,12.4833333333333,1.0173564753004
23-Jan-2018 19:17:00,12.7666666666667,450,19.4666666666667,32.8666666666667,31.05,22.9333333333333,39.1,12.4916666666667,1.02201467645097
23-Jan-2018 19:18:00,12.7666666666667,400,19.4,32.7666666666667,30.9,22.9666666666667,39.45,12.4333333333333,1.02680965147453
23-Jan-2018 19:19:00,12.7666666666667,400,19.5,32.75,30.95,22.95,39.1,12.35,1.03373819163293
23-Jan-2018 19:20:00,12.8,400,19.45,32.75,30.9666666666667,22.95,39.35,12.4083333333333,1.03156480859637
23-Jan-2018 19:21:00,12.75,400,19.45,32.75,30.9666666666667,22.95,39.35,12.4083333333333,1.02753525856279
23-Jan-2018 19:22:00,12.6,400,19.45,32.85,30.9333333333333,22.95,38.85,12.4416666666667,1.01272605492297
23-Jan-2018 19:23:00,12.7,400,19.4,32.75,30.95,22.95,38.85,12.45,1.02008032128514
23-Jan-2018 19:24:00,12.7666666666667,400,19.4,32.75,31,22.95,38.85,12.475,1.02338009352037
23-Jan-2018 19:25:00,12.65,400,19.3,32.75,31,22.9,38.55,12.575,1.00596421471173
23-Jan-2018 19:26:00,12.775,400,19.3,32.85,31,23,38.95,12.625,1.01188118811881
23-Jan-2018 19:27:00,12.775,400,19.3,32.85,31,22.9,38.675,12.625,1.01188118811881
23-Jan-2018 19:28:00,12.7,400,19.3,32.85,31,22.9666666666667,38.6,12.625,1.00594059405941
23-Jan-2018 19:29:00,12.6,400,19.2,32.85,30.9,22.9666666666667,38.3,12.675,0.994082840236687
23-Jan-2018 19:30:00,12.8,400,19.2,32.75,30.95,22.95,38.75,12.65,1.01185770750988
23-Jan-2018 19:31:00,12.84,400,19.2,32.75,31.0333333333333,22.95,38.7,12.6916666666667,1.01168745896257
23-Jan-2018 19:32:00,12.975,400,19.2,32.85,30.95,22.95,38.9,12.7,1.02165354330709
23-Jan-2018 19:33:00,13,400,19.3,32.85,30.9,22.95,39.5,12.575,1.0337972166998
23-Jan-2018 19:34:00,12.775,400,19.4,32.85,30.95,22.95,39.2666666666667,12.5,1.022
23-Jan-2018 19:35:00,12.7333333333333,400,19.4666666666667,32.85,30.95,22.95,39.35,12.4333333333333,1.02412868632708
23-Jan-2018 19:36:00,12.8,400,19.6,32.85,30.95,22.95,39.7,12.3,1.04065040650407
23-Jan-2018 19:37:00,12.875,450,19.6,32.85,31,22.95,40.1,12.325,1.0446247464503
23-Jan-2018 19:38:00,12.6,450,19.6,32.85,30.9,22.95,39.25,12.275,1.02647657841141
23-Jan-2018 19:39:00,12.675,450,19.6,32.7,30.9,22.9,39.6666666666667,12.2,1.03893442622951
23-Jan-2018 19:40:00,12.5,450,19.6,32.7666666666667,30.9,22.9,39,12.2333333333333,1.02179836512262
23-Jan-2018 19:41:00,12.275,450,19.5,32.7666666666667,30.95,22.9,38.35,12.3583333333333,0.993256911665543
23-Jan-2018 19:42:00,12.5666666666667,450,19.4,32.75,30.95,23,38.8333333333333,12.45,1.00937081659973
23-Jan-2018 19:43:00,12.7666666666667,450,19.4,32.75,30.95,23,39.4,12.45,1.02543507362784
23-Jan-2018 19:44:00,12.8,450,19.4,32.75,30.9666666666667,22.9,39.4,12.4583333333333,1.02742474916388
23-Jan-2018 19:45:00,12.6333333333333,450,19.3333333333333,32.75,30.9333333333333,23,38.6,12.5083333333333,1.00999333777482
23-Jan-2018 19:46:00,12.7,450,19.3333333333333,32.75,30.95,22.95,38.75,12.5166666666667,1.01464713715047
23-Jan-2018 19:47:00,12.66,450,19.3333333333333,32.75,31,22.9,38.25,12.5416666666667,1.00943521594684
23-Jan-2018 19:48:00,12.6,450,19.2,32.75,31,22.9,38.05,12.675,0.994082840236686
23-Jan-2018 19:49:00,12.75,450,19.2,32.75,31,23,38.45,12.675,1.00591715976331
23-Jan-2018 19:50:00,12.88,450,19.2,32.7,31,23,38.8,12.65,1.01818181818182
23-Jan-2018 19:51:00,12.7666666666667,450,19.2,32.8,31,22.9,38.55,12.7,1.00524934383202
23-Jan-2018 19:52:00,12.7,450,19.3,32.8,30.9,23,38.7333333333333,12.55,1.01195219123506
23-Jan-2018 19:53:00,12.7333333333333,450,19.4,32.8,31,23,38.9666666666667,12.5,1.01866666666667
23-Jan-2018 19:54:00,12.6333333333333,450,19.5,32.75,31,23,38.9,12.375,1.02087542087542
23-Jan-2018 19:55:00,12.65,450,19.5,32.75,30.95,23,39.2,12.35,1.02429149797571
23-Jan-2018 19:56:00,12.55,450,19.5,32.75,30.9,23,39.2,12.325,1.01825557809331
23-Jan-2018 19:57:00,12.45,450,19.5,32.65,30.8,22.95,39.2,12.225,1.01840490797546
23-Jan-2018 19:58:00,12.325,450,19.5,32.7,30.95,22.95,38.325,12.325,1
23-Jan-2018 19:59:00,12.4,450,19.5,32.8,30.9,22.9333333333333,38.4,12.35,1.00404858299595
23-Jan-2018 20:00:00,12.725,450,19.4,32.75,30.95,23,39.25,12.45,1.02208835341365
23-Jan-2018 20:01:00,12.7333333333333,450,19.4,32.7,30.9666666666667,23,39.24,12.4333333333333,1.02412868632708
23-Jan-2018 20:02:00,12.6,450,19.4,32.8,30.95,22.95,38.75,12.475,1.01002004008016
23-Jan-2018 20:03:00,12.6666666666667,450,19.4,32.74,30.95,22.95,39.25,12.445,1.01781170483461
23-Jan-2018 20:04:00,12.8,450,19.45,32.8,30.9,22.95,39.55,12.4,1.03225806451613
23-Jan-2018 20:05:00,12.7666666666667,450,19.45,32.8,30.95,22.95,39.3,12.425,1.02749832327297
23-Jan-2018 20:06:00,12.6,450,19.5,32.7,31,22.95,38.8,12.35,1.02024291497976
23-Jan-2018 20:07:00,12.65,450,19.5,32.8,30.95,22.95,38.8,12.375,1.02222222222222
23-Jan-2018 20:08:00,12.65,450,19.4,32.8,30.9,22.95,38.8,12.45,1.01606425702811
23-Jan-2018 20:09:00,12.7,450,19.4,32.85,31,22.95,38.96,12.525,1.01397205588822
23-Jan-2018 20:10:00,12.64,450,19.4,32.7,30.9,22.95,38.925,12.4,1.01935483870968
23-Jan-2018 20:11:00,12.775,450,19.3,32.7666666666667,31,22.95,39.15,12.5833333333333,1.01523178807947
23-Jan-2018 20:12:00,12.68,450,19.35,32.75,30.95,22.95,38.6,12.5,1.0144
23-Jan-2018 20:13:00,12.65,450,19.35,32.75,30.9333333333333,22.95,38.55,12.4916666666667,1.0126751167445
23-Jan-2018 20:14:00,12.75,450,19.35,32.75,31,22.95,38.7,12.525,1.01796407185629
23-Jan-2018 20:15:00,12.8666666666667,450,19.35,32.8,30.95,22.95,39.0166666666667,12.525,1.02727877578177
23-Jan-2018 20:16:00,12.75,450,19.2,32.8,31,22.9,38.6,12.7,1.00393700787402
23-Jan-2018 20:17:00,12.9,450,19.3,32.8,31,23,39.05,12.6,1.02380952380952
23-Jan-2018 20:18:00,12.8333333333333,450,19.3,32.75,31,23,39.08,12.575,1.02054340622929
23-Jan-2018 20:19:00,12.8,400,19.4,32.75,30.9,23,39.2666666666667,12.425,1.03018108651911
23-Jan-2018 20:20:00,12.625,400,19.5,32.7,30.9,22.95,38.975,12.3,1.02642276422764
23-Jan-2018 20:21:00,12.525,400,19.5,32.8,30.95,22.95,38.7333333333333,12.375,1.01212121212121
23-Jan-2018 20:22:00,12.4333333333333,400,19.5,32.75,30.9666666666667,22.9,38.4666666666667,12.3583333333333,1.00606877950101
23-Jan-2018 20:23:00,12.52,400,19.5,32.7333333333333,30.95,23,38.64,12.3416666666667,1.01444969615125
23-Jan-2018 20:24:00,12.7666666666667,400,19.5,32.8,30.95,23,39.35,12.375,1.03164983164983
23-Jan-2018 20:25:00,12.7285714285714,400,19.5,32.8,30.95,23,39.3833333333333,12.375,1.02857142857143
23-Jan-2018 20:26:00,12.55,400,19.5,32.7,30.9,23,39.2,12.3,1.02032520325203
23-Jan-2018 20:27:00,12.6333333333333,400,19.5,32.8,30.95,22.95,38.9,12.375,1.02087542087542
23-Jan-2018 20:28:00,12.6,400,19.5,32.8,30.95,22.9333333333333,38.825,12.375,1.01818181818182
23-Jan-2018 20:29:00,12.6,400,19.4,32.8,31,22.9666666666667,38.75,12.5,1.008
23-Jan-2018 20:30:00,12.8,400,19.5,32.8,30.9333333333333,22.9666666666667,39.3333333333333,12.3666666666667,1.03504043126685
23-Jan-2018 20:31:00,12.65,400,19.45,32.75,30.95,22.9666666666667,39,12.4,1.02016129032258
23-Jan-2018 20:32:00,12.54,400,19.4,32.75,30.9666666666667,22.9,38.45,12.4583333333333,1.00655518394649
23-Jan-2018 20:33:00,12.5,400,19.4,32.75,31.05,23,38.375,12.5,1
23-Jan-2018 20:34:00,12.8571428571429,400,19.4666666666667,32.75,30.9333333333333,23,39.58,12.375,1.03896103896104
23-Jan-2018 20:35:00,12.7,400,19.4333333333333,32.75,30.9666666666667,23,39.35,12.425,1.02213279678068
23-Jan-2018 20:36:00,12.7666666666667,400,19.4333333333333,32.75,30.95,23,39.35,12.4166666666667,1.02818791946309
23-Jan-2018 20:37:00,12.7666666666667,400,19.3,32.75,30.9,23,39.35,12.525,1.01929474384564
23-Jan-2018 20:38:00,12.6666666666667,400,19.3,32.7,30.95,22.9,38.7333333333333,12.525,1.01131071190951
23-Jan-2018 20:39:00,12.5,400,19.3,32.7666666666667,30.9666666666667,22.9,38.2,12.5666666666667,0.994694960212202
23-Jan-2018 20:40:00,12.7,400,19.2,32.7666666666667,30.9666666666667,22.95,38.26,12.6666666666667,1.00263157894737
23-Jan-2018 20:41:00,12.8,400,19.2,32.7666666666667,30.9666666666667,23,38.4,12.6666666666667,1.01052631578947
23-Jan-2018 20:42:00,12.9,400,19.1333333333333,32.85,30.9666666666667,23,38.75,12.775,1.00978473581213
23-Jan-2018 20:43:00,12.75,400,19.2,32.85,30.95,22.95,38.75,12.7,1.00393700787402
23-Jan-2018 20:44:00,12.82,400,19.3,32.85,30.95,22.95,38.8666666666667,12.6,1.01746031746032
23-Jan-2018 20:45:00,12.7666666666667,400,19.4,32.8,30.9,22.95,39.1,12.45,1.02543507362784
23-Jan-2018 20:46:00,12.7,400,19.5,32.75,30.96,22.95,39.05,12.355,1.02792391744233
23-Jan-2018 20:47:00,12.525,400,19.5,32.75,30.95,22.95,38.8,12.35,1.01417004048583
23-Jan-2018 20:48:00,12.6,400,19.55,32.75,30.9,22.95,39.05,12.275,1.02647657841141
23-Jan-2018 20:49:00,12.4,400,19.55,32.7,30.9,22.9,38.6666666666667,12.25,1.01224489795918
23-Jan-2018 20:50:00,12.46,400,19.55,32.7666666666667,30.9,23,38.6333333333333,12.2833333333333,1.01438263229308
23-Jan-2018 20:51:00,12.62,400,19.4,32.7333333333333,30.95,23,39.05,12.4416666666667,1.01433355659745
23-Jan-2018 20:52:00,12.625,400,19.4,32.7333333333333,30.95,22.9,38.8,12.4416666666667,1.01473543201607
23-Jan-2018 20:53:00,12.425,400,19.3,32.8,31,22.9,37.9666666666667,12.6,0.986111111111111
23-Jan-2018 20:54:00,12.575,400,19.3,32.8,31,23,38.25,12.6,0.998015873015873
23-Jan-2018 20:55:00,12.725,400,19.4,32.7,31,23,38.8666666666667,12.45,1.02208835341365
23-Jan-2018 20:56:00,12.55,400,19.4,32.8,30.95,23,38.65,12.475,1.0060120240481
23-Jan-2018 20:57:00,12.7,400,19.4,32.8,30.95,23,39.04,12.475,1.01803607214429
23-Jan-2018 20:58:00,12.7,400,19.4,32.85,30.95,22.95,39.04,12.5,1.016
23-Jan-2018 20:59:00,12.8,400,19.4,32.85,30.95,22.95,39.05,12.5,1.024
23-Jan-2018 21:00:00,12.45,400,19.4,32.7333333333333,30.95,22.9,38.25,12.4416666666667,1.00066979236437
23-Jan-2018 21:01:00,12.5,400,19.3,32.75,30.9,22.95,38.35,12.525,0.998003992015968
23-Jan-2018 21:02:00,12.6,400,19.3,32.65,30.8333333333333,23,38.5333333333333,12.4416666666667,1.01272605492297
23-Jan-2018 21:03:00,12.525,400,19.3,32.55,30.8333333333333,23,38.7666666666667,12.3916666666667,1.01075991930061
23-Jan-2018 21:04:00,12.5,400,19.4,32.6,30.75,23,38.95,12.275,1.0183299389002
23-Jan-2018 21:05:00,12.25,400,19.4,32.5,30.7,22.9333333333333,38.375,12.2,1.00409836065574
23-Jan-2018 21:06:00,12.28,400,19.4,32.4,30.6,23,38.8666666666667,12.1,1.01487603305785
23-Jan-2018 21:07:00,12.26,400,19.4,32.45,30.65,23,38.7,12.15,1.00905349794239
23-Jan-2018 21:08:00,12.4,400,19.4,32.45,30.65,23,39.1,12.15,1.02057613168724
23-Jan-2018 21:09:00,12.1,400,19.4,32.45,30.65,22.9,38.3,12.15,0.995884773662551
23-Jan-2018 21:10:00,12,400,19.3,32.45,30.55,22.9,38.15,12.2,0.983606557377049
23-Jan-2018 21:11:00,12.1333333333333,400,19.3,32.3,30.5,22.95,38.3333333333333,12.1,1.00275482093664
23-Jan-2018 21:12:00,12.1,400,19.2,32.3,30.6,22.9666666666667,38.18,12.25,0.987755102040816
23-Jan-2018 21:13:00,12.2666666666667,400,19.2,32.3,30.5333333333333,22.9666666666667,38.4,12.2166666666667,1.00409276944065
23-Jan-2018 21:14:00,12.2,400,19.1,32.35,30.5666666666667,22.9333333333333,38.075,12.3583333333333,0.987188132164532
23-Jan-2018 21:15:00,12.225,400,19.1,32.25,30.4666666666667,23,37.95,12.2583333333333,0.997280761386812
23-Jan-2018 21:16:00,12.475,400,19.1,32.2,30.4,23,39,12.2,1.02254098360656
23-Jan-2018 21:17:00,12.32,400,19.1,32.2,30.4,23,38.7166666666667,12.2,1.00983606557377
23-Jan-2018 21:18:00,12.1,400,19.2,32.2,30.4,22.95,38.25,12.1,1
23-Jan-2018 21:19:00,12.3,400,19.2,32.2,30.45,22.95,39,12.125,1.01443298969072
23-Jan-2018 21:20:00,12.05,400,19.3,32.1,30.45,22.95,38.5,11.975,1.0062630480167
23-Jan-2018 21:21:00,12.2,400,19.3,32.2,30.45,22.95,39,12.025,1.01455301455301
23-Jan-2018 21:22:00,11.9666666666667,400,19.3666666666667,32.15,30.45,22.95,38.6,11.9333333333333,1.00279329608939
23-Jan-2018 21:23:00,11.9333333333333,400,19.3666666666667,32.15,30.45,22.95,38.6,11.9333333333333,1
23-Jan-2018 21:24:00,12.05,400,19.45,32.15,30.45,22.95,39.1,11.85,1.0168776371308
23-Jan-2018 21:25:00,12.1,400,19.45,32.15,30.45,22.95,39.1,11.85,1.0210970464135
23-Jan-2018 21:26:00,11.9,400,19.45,32.15,30.45,22.9333333333333,38.4,11.85,1.0042194092827
23-Jan-2018 21:27:00,11.8666666666667,400,19.3,32.1,30.45,22.95,38.2,11.975,0.990953375086987
23-Jan-2018 21:28:00,11.9,400,19.3,32.15,30.45,22.9666666666667,38.15,12,0.991666666666666
23-Jan-2018 21:29:00,11.925,400,19.3,32.2,30.45,22.95,38.1,12.025,0.991683991683992
23-Jan-2018 21:30:00,12.2,400,19.3,32.15,30.45,22.95,38.9,12,1.01666666666667
23-Jan-2018 21:31:00,12.2,400,19.2333333333333,32.15,30.45,22.95,38.75,12.0666666666667,1.01104972375691
23-Jan-2018 21:32:00,12.0666666666667,400,19.2333333333333,32.1,30.35,22.95,38.4333333333333,11.9916666666667,1.00625434329395
23-Jan-2018 21:33:00,12.025,400,19.2333333333333,32.1,30.35,22.9333333333333,38.28,11.9916666666667,1.00277970813065
23-Jan-2018 21:34:00,12.075,400,19.1,32.15,30.45,22.9666666666667,38.0333333333333,12.2,0.989754098360656
23-Jan-2018 21:35:00,12.25,400,19.1,32.15,30.45,22.9666666666667,38.55,12.2,1.00409836065574
23-Jan-2018 21:36:00,12.3,400,19.05,32.15,30.45,22.9666666666667,38.54,12.25,1.00408163265306
23-Jan-2018 21:37:00,12.25,400,19.05,32.15,30.3,22.9666666666667,38.65,12.175,1.00616016427105
23-Jan-2018 21:38:00,12.08,400,19.05,32.2,30.3666666666667,22.9,38.15,12.2333333333333,0.987465940054496
23-Jan-2018 21:39:00,12.2,400,19.15,32.1333333333333,30.3666666666667,23,38.45,12.1,1.00826446280992
23-Jan-2018 21:40:00,12.1,400,19.2,32.1333333333333,30.3,23,38.5,12.0166666666667,1.00693481276006
23-Jan-2018 21:41:00,11.925,400,19.3,32.1333333333333,30.35,22.95,38.25,11.9416666666667,0.998604326587579
23-Jan-2018 21:42:00,12.1,400,19.3,32.1333333333333,30.3666666666667,22.95,38.9,11.95,1.01255230125523
23-Jan-2018 21:43:00,12.16,400,19.4,32.1333333333333,30.34,22.95,39.25,11.8366666666667,1.02731624894396
23-Jan-2018 21:44:00,12.05,400,19.4,32.1333333333333,30.4,22.95,39.15,11.8666666666667,1.01544943820225
23-Jan-2018 21:45:00,11.825,400,19.5,32.1333333333333,30.3,22.95,38.5666666666667,11.7166666666667,1.00924608819346
23-Jan-2018 21:46:00,11.82,400,19.4,32.1333333333333,30.4,22.95,38.5,11.8666666666667,0.996067415730337
23-Jan-2018 21:47:00,12.05,400,19.4,32.1333333333333,30.35,22.95,39.3,11.8416666666667,1.01759324419423
23-Jan-2018 21:48:00,12.08,400,19.4,32.15,30.35,22.95,39,11.85,1.01940928270042
23-Jan-2018 21:49:00,11.95,400,19.35,32.15,30.3,22.95,38.3,11.875,1.00631578947368
23-Jan-2018 21:50:00,11.8333333333333,400,19.3,32.15,30.3,22.9333333333333,38.2333333333333,11.925,0.992313067784766
23-Jan-2018 21:51:00,12.025,400,19.3,32.15,30.4,23,38.45,11.975,1.00417536534447
23-Jan-2018 21:52:00,12.05,400,19.2,32.15,30.35,23,38.5,12.05,1
23-Jan-2018 21:53:00,12.04,400,19.2,32.2,30.35,22.9333333333333,38.25,12.075,0.997101449275362
23-Jan-2018 21:54:00,12.05,400,19.1,32.05,30.3,22.95,38.15,12.075,0.997929606625259
23-Jan-2018 21:55:00,12.2,400,19.1,32.15,30.3666666666667,23,38.4,12.1583333333333,1.00342700479781
23-Jan-2018 21:56:00,12.3,400,19.1,32.1,30.3,23,38.62,12.1,1.01652892561983
23-Jan-2018 21:57:00,12.1,400,19.1,32.1,30.3,22.95,38.4,12.1,1
23-Jan-2018 21:58:00,11.975,400,19.1,32.05,30.3,22.95,38.0666666666667,12.075,0.991718426501035
23-Jan-2018 21:59:00,11.9,400,19.1,32,30.3,22.9333333333333,37.98,12.05,0.987551867219917
23-Jan-2018 22:00:00,11.9333333333333,400,19.1,32,30.3,23,38.0333333333333,12.05,0.990318118948824
23-Jan-2018 22:01:00,12,400,19.2,32.05,30.3,23,38.2,11.975,1.00208768267223
23-Jan-2018 22:02:00,12,400,19.3,32.05,30.3,23,38.55,11.875,1.01052631578947
23-Jan-2018 22:03:00,12.04,400,19.3,32.05,30.25,23,38.92,11.85,1.01603375527426
23-Jan-2018 22:04:00,12,400,19.3,32.05,30.25,23,38.85,11.85,1.0126582278481
23-Jan-2018 22:05:00,11.8166666666667,400,19.3,32.0666666666667,30.25,22.95,38.22,11.8583333333333,0.996486296556571
23-Jan-2018 22:06:00,11.8,400,19.3,32.04,30.25,22.9,38.15,11.845,0.996200928661883
23-Jan-2018 22:07:00,11.82,400,19.3,32.04,30.25,22.95,38.1333333333333,11.845,0.997889404812157
23-Jan-2018 22:08:00,11.9,400,19.2333333333333,32.04,30.25,22.9666666666667,38.55,11.9116666666667,0.999020568070519
23-Jan-2018 22:09:00,12,400,19.2333333333333,32.1,30.25,22.9666666666667,38.6,11.9416666666667,1.00488485694348
23-Jan-2018 22:10:00,12,400,19.2333333333333,32.05,30.25,22.9,38.35,11.9166666666667,1.00699300699301
23-Jan-2018 22:11:00,11.875,400,19.2333333333333,32,30.25,23,38.1,11.8916666666667,0.998598458304135
23-Jan-2018 22:12:00,11.8,400,19.2333333333333,32,30.25,22.95,37.95,11.8916666666667,0.99229152067274
23-Jan-2018 22:13:00,12.0333333333333,400,19.2333333333333,32.05,30.25,22.95,38.6333333333333,11.9166666666667,1.00979020979021
23-Jan-2018 22:14:00,12,400,19.3,32.05,30.25,22.95,38.6666666666667,11.85,1.0126582278481
23-Jan-2018 22:15:00,11.8333333333333,400,19.3,32.05,30.25,22.9,38.4,11.85,0.9985935302391
23-Jan-2018 22:16:00,11.72,400,19.3,32.05,30.25,22.96,38.1,11.85,0.989029535864979
23-Jan-2018 22:17:00,11.925,400,19.3,32.1,30.25,22.96,38.525,11.875,1.00421052631579
23-Jan-2018 22:18:00,11.95,400,19.3,32.05,30.35,22.9,38.4,11.9,1.00420168067227
23-Jan-2018 22:19:00,11.96,400,19.3,32.0333333333333,30.35,23,38.4,11.8916666666667,1.00574632095305
23-Jan-2018 22:20:00,12.0333333333333,400,19.3,32.05,30.35,23,38.6,11.9,1.01120448179272
23-Jan-2018 22:21:00,12.0333333333333,400,19.2,32.0666666666667,30.35,22.95,38.4,12.0083333333333,1.00208188757807
23-Jan-2018 22:22:00,12.02,400,19.2,32.05,30.25,22.95,38.4,11.95,1.00585774058577
23-Jan-2018 22:23:00,12,400,19.2,32.05,30.25,22.95,38.15,11.95,1.00418410041841
23-Jan-2018 22:24:00,12.05,400,19.1,32.05,30.25,22.95,38.15,12.05,1
23-Jan-2018 22:25:00,12.1,400,19.1,32.05,30.35,22.95,38.1666666666667,12.1,1
23-Jan-2018 22:26:00,11.975,400,19.05,32.0333333333333,30.2,22.9,37.9333333333333,12.0666666666667,0.992403314917127
23-Jan-2018 22:27:00,12.1,400,19.05,32.0333333333333,30.2666666666667,23,38.45,12.1,1
23-Jan-2018 22:28:00,12.175,400,19.05,32.0666666666667,30.2666666666667,23,38.56,12.1166666666667,1.00481430536451
23-Jan-2018 22:29:00,12.1,400,19.05,32.0333333333333,30.2666666666667,23,38.65,12.1,1
23-Jan-2018 22:30:00,12,400,19.15,32.1,30.2666666666667,22.95,38.1666666666667,12.0333333333333,0.997229916897507
23-Jan-2018 22:31:00,12.0333333333333,400,19.2,32.05,30.2666666666667,22.95,38.1666666666667,11.9583333333333,1.00627177700348
23-Jan-2018 22:32:00,12.1333333333333,400,19.3,32.0333333333333,30.2666666666667,22.95,38.85,11.85,1.0239099859353
23-Jan-2018 22:33:00,11.9833333333333,400,19.3,32.05,30.2666666666667,22.95,38.65,11.8583333333333,1.01054111033029
23-Jan-2018 22:34:00,11.88,400,19.3,32.05,30.2,22.95,38.22,11.825,1.0046511627907
23-Jan-2018 22:35:00,11.65,400,19.3,32.05,30.26,22.9333333333333,37.95,11.855,0.982707718262336
23-Jan-2018 22:36:00,11.7333333333333,400,19.3,32.05,30.26,22.9333333333333,37.85,11.855,0.989737101082525
23-Jan-2018 22:37:00,11.8666666666667,400,19.25,32.1,30.4,22.95,37.85,12,0.988888888888889
23-Jan-2018 22:38:00,12.0333333333333,400,19.2,32.05,30.3,23,38.5,11.975,1.00487125956855
23-Jan-2018 22:39:00,12.15,400,19.2,32.05,30.3,23,38.95,11.975,1.01461377870564
23-Jan-2018 22:40:00,11.975,400,19.2,32.05,30.3,22.9,38.6,11.975,1
23-Jan-2018 22:41:00,11.9,400,19.2,32,30.3,22.9,38.1,11.95,0.99581589958159
23-Jan-2018 22:42:00,11.9,400,19.2,32.1,30.25,22.95,38.18,11.975,0.993736951983298
23-Jan-2018 22:43:00,11.8666666666667,400,19.2,32,30.25,22.96,38.0333333333333,11.925,0.995108315863033
23-Jan-2018 22:44:00,12.1333333333333,400,19.2666666666667,32.05,30.25,22.96,38.9333333333333,11.8833333333333,1.02103786816269
23-Jan-2018 22:45:00,12,400,19.25,32.05,30.2,22.96,38.54,11.875,1.01052631578947
23-Jan-2018 22:46:00,11.9333333333333,400,19.25,32.05,30.2666666666667,22.96,38.75,11.9083333333333,1.00209937018894
23-Jan-2018 22:47:00,11.9333333333333,400,19.2333333333333,32.1,30.2666666666667,22.95,38.15,11.95,0.99860529986053
23-Jan-2018 22:48:00,11.95,400,19.2333333333333,32.05,30.2666666666667,22.95,38.3,11.925,1.0020964360587
23-Jan-2018 22:49:00,12.2,400,19.2333333333333,32,30.2666666666667,22.95,39.0333333333333,11.9,1.02521008403361
23-Jan-2018 22:50:00,12.08,400,19.2333333333333,32.05,30.2,22.95,38.6,11.8916666666667,1.01583742116328
23-Jan-2018 22:51:00,11.8,400,19.2333333333333,32.05,30.3,22.9,37.85,11.9416666666667,0.988136775994418
23-Jan-2018 22:52:00,11.9666666666667,400,19.1,32.0666666666667,30.3,23,37.8,12.0833333333333,0.990344827586207
23-Jan-2018 22:53:00,12.1,400,19.1,32.0333333333333,30.3,23,38.35,12.0666666666667,1.00276243093923
23-Jan-2018 22:54:00,12,400,19.2,32.0333333333333,30.2333333333333,23,38.48,11.9333333333333,1.00558659217877
23-Jan-2018 22:55:00,11.975,400,19.2,32.1,30.2666666666667,23,38.4,11.9833333333333,0.999304589707928
23-Jan-2018 22:56:00,12.075,400,19.3,32.1,30.2,23,38.825,11.85,1.01898734177215
23-Jan-2018 22:57:00,12.05,400,19.3,32.05,30.3,23,38.9,11.875,1.01473684210526
23-Jan-2018 22:58:00,11.975,400,19.3,32.0333333333333,30.2,23,38.85,11.8166666666667,1.01339915373766
23-Jan-2018 22:59:00,11.9,400,19.3,32.0333333333333,30.25,23,38.85,11.8416666666667,1.00492610837438
23-Jan-2018 23:00:00,11.925,400,19.3,32.1,30.3,22.95,38.25,11.9,1.00210084033613
23-Jan-2018 23:01:00,12.05,400,19.2,32.0333333333333,30.25,22.95,38.75,11.9416666666667,1.00907187718074
23-Jan-2018 23:02:00,11.9,400,19.2,32.1,30.25,22.95,38.2,11.975,0.993736951983298
23-Jan-2018 23:03:00,11.8333333333333,400,19.2,32.05,30.25,22.9,37.85,11.95,0.99023709902371
23-Jan-2018 23:04:00,11.95,400,19.2,32.0333333333333,30.2333333333333,22.9666666666667,38.075,11.9333333333333,1.00139664804469
23-Jan-2018 23:05:00,12,400,19.2,32.1,30.3,22.9666666666667,38.5666666666667,12,1
23-Jan-2018 23:06:00,12.125,400,19.3,32,30.3,22.9666666666667,38.8,11.85,1.02320675105485
23-Jan-2018 23:07:00,12,400,19.3,32.0666666666667,30.3,22.95,38.5,11.8833333333333,1.00981767180926
23-Jan-2018 23:08:00,12,400,19.2,32,30.3,22.9,37.85,11.95,1.00418410041841
23-Jan-2018 23:09:00,11.575,300,19.2,32,30.2,22.9,37.3333333333333,11.9,0.972689075630252
23-Jan-2018 23:10:00,11.62,360,19.1,32,30.3,22.9,37.0833333333333,12.05,0.964315352697096
23-Jan-2018 23:11:00,11.75,350,19.1,31.95,30.25,22.9666666666667,37.6,12,0.979166666666667
23-Jan-2018 23:12:00,12.1333333333333,350,19.1,31.95,30.25,22.9666666666667,38.55,12,1.01111111111111
23-Jan-2018 23:13:00,12.0333333333333,350,19.1,31.95,30.25,22.9666666666667,38.4,12,1.00277777777778
23-Jan-2018 23:14:00,11.9,350,19.2,32.05,30.25,22.9666666666667,38.1,11.95,0.99581589958159
23-Jan-2018 23:15:00,11.7,350,19.3,32.05,30.2,22.9333333333333,37.65,11.825,0.989429175475687
23-Jan-2018 23:16:00,11.68,350,19.2,32.05,30.3,22.9666666666667,37.55,11.975,0.975365344467641
23-Jan-2018 23:17:00,11.7333333333333,350,19.2,32.05,30.25,22.95,37.6333333333333,11.95,0.98186889818689
23-Jan-2018 23:18:00,11.9,350,19.2,32.1,30.25,22.95,38.1666666666667,11.975,0.993736951983298
23-Jan-2018 23:19:00,11.9666666666667,350,19.2,32.0333333333333,30.25,22.95,38.2666666666667,11.9416666666667,1.00209351011863
23-Jan-2018 23:20:00,11.9,350,19.2,32.0333333333333,30.25,22.95,38.05,11.9416666666667,0.996510816468946
23-Jan-2018 23:21:00,11.72,350,19.1,32.1,30.25,22.9,37.3,12.075,0.970600414078675
23-Jan-2018 23:22:00,11.8666666666667,350,19.1,32.05,30.25,22.9666666666667,37.5666666666667,12.05,0.98478561549101
23-Jan-2018 23:23:00,12,350,19.1,32,30.25,22.95,38.2,12.025,0.997920997920998
23-Jan-2018 23:24:00,11.9333333333333,350,19.1,32.05,30.25,22.95,37.94,12.05,0.990318118948825
23-Jan-2018 23:25:00,11.9,350,19.2,32.0666666666667,30.25,22.95,38.05,11.9583333333333,0.995121951219512
23-Jan-2018 23:26:00,11.8,350,19.2,32.0333333333333,30.25,22.95,37.8,11.9416666666667,0.988136775994417
23-Jan-2018 23:27:00,11.75,350,19.3,32.1,30.25,22.95,37.8,11.875,0.989473684210526
23-Jan-2018 23:28:00,11.975,350,19.3,32.1,30.35,22.95,38.5,11.925,1.0041928721174
23-Jan-2018 23:29:00,11.9333333333333,350,19.3,32.05,30.25,22.95,38.4666666666667,11.85,1.0070323488045
23-Jan-2018 23:30:00,11.7666666666667,350,19.3,32.05,30.25,22.9,37.85,11.85,0.9929676511955
23-Jan-2018 23:31:00,11.8,350,19.3,32.05,30.35,23,37.55,11.9,0.991596638655462
23-Jan-2018 23:32:00,11.9,350,19.2,32.05,30.35,23,38,12,0.991666666666667
23-Jan-2018 23:33:00,12,350,19.1,32.15,30.35,23,38.4,12.15,0.987654320987654
23-Jan-2018 23:34:00,11.9666666666667,350,19.1,32.15,30.35,22.9,37.95,12.15,0.984910836762688
23-Jan-2018 23:35:00,11.7666666666667,350,19,32,30.35,22.9,37.1333333333333,12.175,0.966461327857632
23-Jan-2018 23:36:00,11.7666666666667,300,19,32.05,30.35,22.9,37.05,12.2,0.96448087431694
23-Jan-2018 23:37:00,11.7666666666667,350,18.95,32.05,30.25,22.9666666666667,37.0333333333333,12.2,0.96448087431694
23-Jan-2018 23:38:00,11.8333333333333,366.666666666667,18.95,32.0666666666667,30.25,22.95,37.1333333333333,12.2083333333333,0.969283276450512
23-Jan-2018 23:39:00,12.14,366.666666666667,18.95,32.0333333333333,30.25,22.95,38.14,12.1916666666667,0.995762132604238
23-Jan-2018 23:40:00,11.9142857142857,333.333333333333,18.95,32.0333333333333,30.2,22.9,37.6,12.1666666666667,0.979256360078278
23-Jan-2018 23:41:00,11.8333333333333,400,18.95,32.0333333333333,30.25,23,37.25,12.1916666666667,0.970608339029392
23-Jan-2018 23:42:00,11.6,300,19.1,32.0333333333333,30.25,22.9333333333333,37,12.0416666666667,0.963321799307959
23-Jan-2018 23:43:00,11.7,400,19.1,32.0333333333333,30.25,23,37.15,12.0416666666667,0.971626297577855
23-Jan-2018 23:44:00,11.75,400,19.2,32.0333333333333,30.3,23,37.7,11.9666666666667,0.981894150417827
23-Jan-2018 23:45:00,11.725,400,19.3,32.0333333333333,30.25,23,37.8666666666667,11.8416666666667,0.990147783251232
23-Jan-2018 23:46:00,11.8333333333333,400,19.3,32.05,30.25,23,38.0333333333333,11.85,0.9985935302391
23-Jan-2018 23:47:00,11.9,400,19.3,32.05,30.25,23,38.525,11.85,1.0042194092827
23-Jan-2018 23:48:00,11.75,400,19.4,32.05,30.25,23,38.35,11.75,1
23-Jan-2018 23:49:00,11.5,400,19.3,32.05,30.25,22.9,37.5,11.85,0.970464135021097
23-Jan-2018 23:50:00,11.5,400,19.3,31.95,30.25,22.95,37.3,11.8,0.974576271186441
23-Jan-2018 23:51:00,11.7,400,19.2,31.95,30.25,23,37.7,11.9,0.983193277310924
23-Jan-2018 23:52:00,11.7,400,19.1333333333333,32.05,30.2,23,37.8,11.9916666666667,0.975677553856845
23-Jan-2018 23:53:00,11.85,300,19.1333333333333,32.05,30.3,22.9,37.25,12.0416666666667,0.984083044982699
23-Jan-2018 23:54:00,11.75,350,19,32.05,30.3,22.9,37.04,12.175,0.965092402464066
23-Jan-2018 23:55:00,11.85,400,18.9,32.05,30.35,22.9,37,12.3,0.963414634146342
23-Jan-2018 23:56:00,11.9,350,18.9,32.05,30.35,22.9666666666667,37.32,12.3,0.967479674796748
23-Jan-2018 23:57:00,12.175,350,18.9666666666667,32.05,30.25,22.9666666666667,38.375,12.1833333333333,0.999316005471956
23-Jan-2018 23:58:00,12,350,18.9666666666667,32.05,30.2,22.9666666666667,37.98,12.1583333333333,0.986977381768334
23-Jan-2018 23:59:00,11.9,350,18.9666666666667,32.05,30.2666666666667,22.9,37.55,12.1916666666667,0.976076555023924
24-Jan-2018 00:00:00,11.9666666666667,350,18.9666666666667,32.1,30.2666666666667,23,37.75,12.2166666666667,0.979536152796726
24-Jan-2018 00:01:00,12.02,350,19.1,32.0333333333333,30.2666666666667,23,38.15,12.05,0.997510373443984
24-Jan-2018 00:02:00,11.9,350,19.2,32.0333333333333,30.25,23,37.95,11.9416666666667,0.996510816468946
24-Jan-2018 00:03:00,11.6333333333333,350,19.3,31.95,30.25,22.94,37.55,11.8,0.985875706214689
24-Jan-2018 00:04:00,11.575,300,19.2,31.95,30.2333333333333,22.9666666666667,37.4333333333333,11.8916666666667,0.973370707778556
24-Jan-2018 00:05:00,11.7666666666667,400,19.2,31.95,30.3,22.9666666666667,37.8666666666667,11.925,0.986722571628232
24-Jan-2018 00:06:00,11.875,400,19.2,31.95,30.3,22.9,38.3,11.925,0.9958071278826
24-Jan-2018 00:07:00,11.6333333333333,300,19.2,31.95,30.25,22.95,37.4,11.9,0.977591036414566
24-Jan-2018 00:08:00,11.55,300,19.1,31.95,30.25,22.95,37.05,12,0.9625
24-Jan-2018 00:09:00,11.6666666666667,366.666666666667,19.1,31.95,30.25,23,37.18,12,0.972222222222222
24-Jan-2018 00:10:00,11.8333333333333,366.666666666667,19.1,31.95,30.25,23,37.7,12,0.986111111111111
24-Jan-2018 00:11:00,11.8,366.666666666667,19.1,31.95,30.25,23,37.75,12,0.983333333333333
24-Jan-2018 00:12:00,11.7714285714286,350,19.1,31.95,30.2333333333333,23,37.5833333333333,11.9916666666667,0.981634071279659
24-Jan-2018 00:13:00,11.9,350,19.1,32.1,30.35,22.95,37.7,12.125,0.981443298969072
24-Jan-2018 00:14:00,11.8333333333333,350,19.1,32,30.2666666666667,22.95,37.85,12.0333333333333,0.983379501385042
24-Jan-2018 00:15:00,11.84,350,19.1,32,30.2666666666667,22.95,37.35,12.0333333333333,0.98393351800554
24-Jan-2018 00:16:00,11.7666666666667,300,19.1,32,30.2,22.95,37.35,12,0.980555555555556
24-Jan-2018 00:17:00,11.8666666666667,400,19.05,32,30.3,22.95,37.35,12.1,0.980716253443526
24-Jan-2018 00:18:00,12.05,400,19.04,32.1,30.35,22.95,38.15,12.185,0.988920804267542
24-Jan-2018 00:19:00,11.9666666666667,400,19.1,32,30.35,22.95,38.05,12.075,0.991028295376122
24-Jan-2018 00:20:00,11.875,400,19.1,32.1,30.35,22.9333333333333,37.775,12.125,0.979381443298969
24-Jan-2018 00:21:00,11.8,400,19.1666666666667,32,30.35,23,37.45,12.0083333333333,0.98265093684941
24-Jan-2018 00:22:00,11.8,400,19.15,32.05,30.25,23,37.8,12,0.983333333333334
24-Jan-2018 00:23:00,11.85,400,19.15,32.05,30.2,23,38.05,11.975,0.989561586638831
24-Jan-2018 00:24:00,11.8666666666667,400,19.1,32.05,30.3,22.9333333333333,38.05,12.075,0.982746721877157
24-Jan-2018 00:25:00,11.8,350,19.1,32.05,30.3,22.96,37.45,12.075,0.977225672877847
24-Jan-2018 00:26:00,11.7666666666667,333.333333333333,19.1,32.05,30.3,22.9,37.2,12.075,0.974465148378192
24-Jan-2018 00:27:00,11.7666666666667,333.333333333333,19,32.0666666666667,30.3,22.9666666666667,36.9,12.1833333333333,0.965800273597811
24-Jan-2018 00:28:00,11.925,400,19.0666666666667,32,30.2333333333333,22.9666666666667,37.7666666666667,12.05,0.989626556016598
24-Jan-2018 00:29:00,11.95,400,19.2,32,30.3,22.9666666666667,38.225,11.95,1
24-Jan-2018 00:30:00,11.625,350,19.2,32,30.2333333333333,22.95,37.32,11.9166666666667,0.975524475524475
24-Jan-2018 00:31:00,11.625,350,19.2,32,30.2666666666667,22.95,37.55,11.9333333333333,0.974162011173184
24-Jan-2018 00:32:00,11.9,350,19.2,32.05,30.2666666666667,22.95,38.15,11.9583333333333,0.995121951219512
24-Jan-2018 00:33:00,11.875,350,19.2,32.05,30.2666666666667,22.95,38.0833333333333,11.9583333333333,0.993031358885017
24-Jan-2018 00:34:00,11.7666666666667,350,19.2,32.05,30.25,22.9,37.65,11.95,0.98465829846583
24-Jan-2018 00:35:00,11.5,300,19.2,32.05,30.25,22.9,37.0333333333333,11.95,0.96234309623431
24-Jan-2018 00:36:00,11.575,400,19.1,32.0666666666667,30.25,22.9666666666667,37.1,12.0583333333333,0.959917069799586
24-Jan-2018 00:37:00,12.025,400,19.1,32.0333333333333,30.25,22.9666666666667,38.0833333333333,12.0416666666667,0.998615916955017
24-Jan-2018 00:38:00,11.8,400,19.2,32.0333333333333,30.25,22.9666666666667,37.7,11.9416666666667,0.988136775994417
24-Jan-2018 00:39:00,11.65,300,19.15,32.0333333333333,30.25,22.9333333333333,37.2,11.9916666666667,0.971507991660875
24-Jan-2018 00:40:00,11.7,350,19.15,32.0333333333333,30.3666666666667,22.95,37.28,12.05,0.970954356846473
24-Jan-2018 00:41:00,11.7,400,19.15,32.0333333333333,30.3,23,37.5,12.0166666666667,0.973647711511789
24-Jan-2018 00:42:00,11.6,400,19.15,32.0333333333333,30.3,23,37.4,12.0166666666667,0.965325936199723
24-Jan-2018 00:43:00,11.72,400,19.15,32.0333333333333,30.3,23,38.5,12.0166666666667,0.975312066574203
24-Jan-2018 00:44:00,12,400,19.15,32.05,30.35,23,38.48,12.05,0.995850622406639
24-Jan-2018 00:45:00,12,400,19.25,32.1,30.35,23,38.25,11.975,1.00208768267223
24-Jan-2018 00:46:00,11.8,400,19.25,32.1,30.35,22.9,37.72,11.975,0.985386221294363
24-Jan-2018 00:47:00,11.5,300,19.25,32,30.35,22.9,37.0666666666667,11.925,0.964360587002096
24-Jan-2018 00:48:00,11.52,300,19.1,32,30.35,22.9,36.72,12.075,0.954037267080745
24-Jan-2018 00:49:00,11.55,300,19,32,30.25,22.9,36.4666666666667,12.125,0.952577319587629
24-Jan-2018 00:50:00,11.9,400,18.9,32,30.25,23,37.35,12.225,0.973415132924335
24-Jan-2018 00:51:00,11.95,350,18.9,32.1,30.25,23,37.46,12.275,0.973523421588595
24-Jan-2018 00:52:00,12.15,350,19,31.95,30.2,23,38.08,12.075,1.00621118012422
24-Jan-2018 00:53:00,11.9,300,19,31.95,30.25,22.9,37.5666666666667,12.1,0.983471074380165
24-Jan-2018 00:54:00,11.675,400,19,32,30.25,23,37.15,12.125,0.962886597938144
24-Jan-2018 00:55:00,11.75,350,19,31.95,30.3,22.95,37.1,12.125,0.969072164948454
24-Jan-2018 00:56:00,11.9,350,19,31.95,30.24,22.95,37.5666666666667,12.095,0.983877635386524
24-Jan-2018 00:57:00,11.9,350,19,31.95,30.3,22.95,37.65,12.125,0.981443298969072
24-Jan-2018 00:58:00,11.9,350,19,31.95,30.3,22.95,37.95,12.125,0.981443298969072
24-Jan-2018 00:59:00,11.95,350,19.1,31.95,30.25,22.95,38.15,12,0.995833333333333
24-Jan-2018 01:00:00,11.85,350,19.2,31.95,30.25,22.95,37.75,11.9,0.995798319327731
24-Jan-2018 01:01:00,11.8,350,19.2,31.95,30.2333333333333,22.95,38.3,11.8916666666667,0.99229152067274
24-Jan-2018 01:02:00,11.7,350,19.2,31.95,30.2333333333333,22.95,37.8,11.8916666666667,0.983882270497547
24-Jan-2018 01:03:00,11.675,350,19.2,31.95,30.25,22.9,37.475,11.9,0.98109243697479
24-Jan-2018 01:04:00,11.95,350,19.2,32.0666666666667,30.25,23,38.45,11.9583333333333,0.999303135888502
24-Jan-2018 01:05:00,11.95,350,19.2,32.05,30.2666666666667,23,38.35,11.9583333333333,0.999303135888502
24-Jan-2018 01:06:00,11.8333333333333,350,19.2,32.0333333333333,30.25,23,38.25,11.9416666666667,0.99092812281926
24-Jan-2018 01:07:00,11.75,350,19.2,32.05,30.25,22.95,37.74,11.95,0.98326359832636
24-Jan-2018 01:08:00,11.8666666666667,350,19.1,32.05,30.25,22.95,37.74,12.05,0.98478561549101
24-Jan-2018 01:09:00,11.8,350,19.1,32.05,30.25,22.95,37.65,12.05,0.979253112033195
24-Jan-2018 01:10:00,11.95,350,19.1666666666667,32.05,30.25,22.95,38.15,11.9833333333333,0.997218358831711
24-Jan-2018 01:11:00,11.825,350,19.1666666666667,32.05,30.25,22.9333333333333,37.9,11.9833333333333,0.986787204450626
24-Jan-2018 01:12:00,11.7,350,19.1666666666667,32.05,30.25,23,37.5,11.9833333333333,0.976356050069541
24-Jan-2018 01:13:00,11.775,350,19.1666666666667,31.95,30.25,23,37.9333333333333,11.9333333333333,0.986731843575419
24-Jan-2018 01:14:00,11.8,350,19.1666666666667,31.95,30.25,23,38.05,11.9333333333333,0.988826815642458
24-Jan-2018 01:15:00,11.94,350,19.2666666666667,32.05,30.25,23,38.3833333333333,11.8833333333333,1.00476858345021
24-Jan-2018 01:16:00,11.8,350,19.2666666666667,32.05,30.25,22.9,38,11.8833333333333,0.992987377279102
24-Jan-2018 01:17:00,11.7,350,19.2666666666667,32.05,30.25,22.9666666666667,37.75,11.8833333333333,0.984572230014025
24-Jan-2018 01:18:00,11.7,350,19.2,32.05,30.25,22.95,37.56,11.95,0.97907949790795
24-Jan-2018 01:19:00,11.5666666666667,300,19.1,32,30.3,22.9,36.95,12.05,0.959889349930844
24-Jan-2018 01:20:00,11.8,400,19,32.0333333333333,30.3,22.9666666666667,37.3,12.1666666666667,0.96986301369863
24-Jan-2018 01:21:00,12,400,19,32.05,30.35,22.9666666666667,37.75,12.2,0.983606557377049
24-Jan-2018 01:22:00,12.15,400,19,32.05,30.35,22.9666666666667,38.2,12.2,0.995901639344262
24-Jan-2018 01:23:00,12.0333333333333,400,19,32.1,30.35,22.9666666666667,37.6333333333333,12.225,0.984321745057941
24-Jan-2018 01:24:00,11.8857142857143,300,19,32.05,30.35,22.9,37.35,12.2,0.97423887587822
24-Jan-2018 01:25:00,11.8,400,19,32,30.35,23,37.35,12.175,0.969199178644764
24-Jan-2018 01:26:00,11.9,400,19,32,30.35,23,37.85,12.175,0.97741273100616
24-Jan-2018 01:27:00,11.6,300,19.05,32,30.24,22.9,36.85,12.07,0.961060480530241
24-Jan-2018 01:28:00,11.7,350,19.05,32,30.25,23,36.9666666666667,12.075,0.968944099378882
24-Jan-2018 01:29:00,11.675,350,19.05,32,30.3,22.95,36.8333333333333,12.1,0.964876033057851
24-Jan-2018 01:30:00,11.8333333333333,350,19.05,32,30.3,22.95,37.2666666666667,12.1,0.977961432506887
24-Jan-2018 01:31:00,11.8666666666667,400,19.1,32,30.3,22.95,37.6,12.05,0.98478561549101
24-Jan-2018 01:32:00,11.725,300,19.1,31.95,30.3,22.95,37.3,12.025,0.975051975051975
24-Jan-2018 01:33:00,11.6333333333333,400,19.2,31.95,30.25,22.95,37.3,11.9,0.977591036414566
24-Jan-2018 01:34:00,11.7666666666667,400,19.2,31.95,30.25,22.95,37.7,11.9,0.988795518207283
24-Jan-2018 01:35:00,11.85,400,19.2,31.95,30.25,22.95,37.95,11.9,0.995798319327731
24-Jan-2018 01:36:00,11.85,400,19.2,32.05,30.25,22.95,38,11.95,0.99163179916318
24-Jan-2018 01:37:00,11.6666666666667,333.333333333333,19.2,32.05,30.25,22.95,37.3666666666667,11.95,0.97629009762901
24-Jan-2018 01:38:00,11.7,350,19.1,32.05,30.25,22.9,37.2,12.05,0.970954356846473
24-Jan-2018 01:39:00,11.6,350,19.1,31.95,30.25,22.9,37.0666666666667,12,0.966666666666667
24-Jan-2018 01:40:00,11.7666666666667,400,19,31.95,30.25,22.9666666666667,37.2,12.1,0.972451790633609
24-Jan-2018 01:41:00,11.7666666666667,350,19,31.95,30.25,22.9666666666667,37.25,12.1,0.972451790633609
24-Jan-2018 01:42:00,11.78,350,19.1,31.95,30.25,22.95,37.3666666666667,12,0.981666666666667
24-Jan-2018 01:43:00,11.775,350,19.1,31.95,30.25,22.9,37.6,12,0.98125
24-Jan-2018 01:44:00,11.95,350,19.1,31.95,30.35,23,37.9,12.05,0.991701244813278
24-Jan-2018 01:45:00,11.94,350,19.1,32.1,30.35,23,37.98,12.125,0.984742268041237
24-Jan-2018 01:46:00,11.8,300,19.1,32.05,30.35,22.95,37.66,12.1,0.975206611570248
24-Jan-2018 01:47:00,11.85,400,19.1,32.05,30.35,22.95,37.6,12.1,0.979338842975207
24-Jan-2018 01:48:00,11.75,350,19.1,32,30.35,22.95,37.35,12.075,0.973084886128365
24-Jan-2018 01:49:00,11.6666666666667,333.333333333333,19.1,32.05,30.35,22.95,37.2333333333333,12.1,0.964187327823692
24-Jan-2018 01:50:00,11.7,350,19.1,32.05,30.35,22.95,37.15,12.1,0.966942148760331
24-Jan-2018 01:51:00,11.8,400,19.1,32.05,30.25,22.95,37.4,12.05,0.979253112033195
24-Jan-2018 01:52:00,11.8333333333333,300,19,32.05,30.25,22.95,37.575,12.15,0.973936899862826
24-Jan-2018 01:53:00,11.8,400,19.1,32.05,30.25,22.95,37.4,12.05,0.979253112033195
24-Jan-2018 01:54:00,11.8333333333333,400,19.1,32.1,30.25,22.95,37.95,12.075,0.979986197377502
24-Jan-2018 01:55:00,11.9333333333333,400,19.2,32,30.25,22.95,38.1,11.925,1.00069881201957
24-Jan-2018 01:56:00,11.8333333333333,400,19.2,32,30.2,22.95,37.95,11.9,0.994397759103641
24-Jan-2018 01:57:00,11.72,400,19.2,32,30.2666666666667,22.9,37.5,11.9333333333333,0.982122905027933
24-Jan-2018 01:58:00,11.5,300,19.25,32,30.25,22.95,37.1,11.875,0.968421052631579
24-Jan-2018 01:59:00,11.55,350,19.25,32,30.25,23,37.1666666666667,11.875,0.972631578947369
24-Jan-2018 02:00:00,11.8,400,19.25,32.1,30.35,22.95,37.55,11.975,0.985386221294363
24-Jan-2018 02:01:00,12,400,19.25,32.05,30.4,22.95,38.15,11.975,1.00208768267223
24-Jan-2018 02:02:00,11.9,400,19.25,32,30.3,22.95,38.025,11.9,1
24-Jan-2018 02:03:00,11.975,400,19.1333333333333,32.0666666666667,30.3,22.95,38,12.05,0.993775933609959
24-Jan-2018 02:04:00,12,400,19.1333333333333,32.0666666666667,30.3,22.95,38.15,12.05,0.995850622406639
24-Jan-2018 02:05:00,11.95,400,19.1333333333333,32.0333333333333,30.3,22.95,38.15,12.0333333333333,0.993074792243767
24-Jan-2018 02:06:00,11.8666666666667,400,19,32.1,30.3,22.9333333333333,37.45,12.2,0.972677595628415
24-Jan-2018 02:07:00,11.8666666666667,300,19,32.05,30.25,22.9333333333333,37.15,12.15,0.976680384087792
24-Jan-2018 02:08:00,11.7,300,19,32.0333333333333,30.25,22.95,36.95,12.1416666666667,0.963623884694578
24-Jan-2018 02:09:00,11.7,300,19,32.0333333333333,30.25,22.95,36.75,12.1416666666667,0.963623884694578
24-Jan-2018 02:10:00,11.7666666666667,300,19,32.0333333333333,30.25,23,36.9666666666667,12.1416666666667,0.969114619080302
24-Jan-2018 02:11:00,12.0333333333333,400,19,32.05,30.2,23,37.7,12.125,0.992439862542955
24-Jan-2018 02:12:00,11.9833333333333,400,19,32.05,30.3,23,37.7666666666667,12.175,0.984257357973991
24-Jan-2018 02:13:00,11.95,400,19.1,31.95,30.25,23,38.1,12,0.995833333333333
24-Jan-2018 02:14:00,11.8666666666667,400,19.1,31.95,30.25,23,37.85,12,0.988888888888889
24-Jan-2018 02:15:00,11.65,350,19.2,31.95,30.25,22.9333333333333,37.3,11.9,0.978991596638655
24-Jan-2018 02:16:00,11.725,350,19.2,31.95,30.2,23,37.75,11.875,0.987368421052632
24-Jan-2018 02:17:00,11.65,350,19.2,31.95,30.25,22.9,37.3666666666667,11.9,0.978991596638655
24-Jan-2018 02:18:00,11.65,350,19.2,31.95,30.25,22.9666666666667,37.25,11.9,0.978991596638655
24-Jan-2018 02:19:00,11.8333333333333,350,19.2,31.95,30.3,22.9666666666667,37.8666666666667,11.925,0.992313067784766
24-Jan-2018 02:20:00,11.7666666666667,350,19.2,31.95,30.25,22.9666666666667,37.6,11.9,0.988795518207283
24-Jan-2018 02:21:00,11.6,300,19.2,31.95,30.35,22.9666666666667,37.1,11.95,0.97071129707113
24-Jan-2018 02:22:00,11.82,400,19.2,31.95,30.35,22.9666666666667,37.85,11.95,0.989121338912134
24-Jan-2018 02:23:00,11.875,400,19.2,31.95,30.35,22.9666666666667,38.05,11.95,0.993723849372385
24-Jan-2018 02:24:00,11.9,400,19.2,32.1,30.35,22.9666666666667,38.05,12.025,0.989604989604989
24-Jan-2018 02:25:00,11.9,400,19.2,32,30.35,22.9666666666667,38.0333333333333,11.975,0.993736951983298
24-Jan-2018 02:26:00,11.8,400,19.2,32.05,30.35,22.9666666666667,38.0333333333333,12,0.983333333333333
24-Jan-2018 02:27:00,11.7333333333333,400,19.2,32.0666666666667,30.25,22.95,37.5,11.9583333333333,0.981184668989547
24-Jan-2018 02:28:00,11.82,400,19.1,32,30.2,22.95,37.6333333333333,12,0.985
24-Jan-2018 02:29:00,11.8666666666667,400,19.1,32.1,30.3,22.95,37.4,12.1,0.980716253443526
24-Jan-2018 02:30:00,12,400,19.04,32.0333333333333,30.3,22.95,37.95,12.1266666666667,0.989554700384827
24-Jan-2018 02:31:00,11.84,340,19.04,32.0333333333333,30.3,22.9333333333333,37.34,12.1266666666667,0.976360637713029
24-Jan-2018 02:32:00,11.75,340,19.04,32.0333333333333,30.3,22.9333333333333,36.95,12.1266666666667,0.968938977460143
24-Jan-2018 02:33:00,11.675,366.666666666667,19.1,32.0333333333333,30.3,22.9666666666667,37.05,12.0666666666667,0.967541436464089
24-Jan-2018 02:34:00,11.8,366.666666666667,19.1,32.0333333333333,30.3,22.9666666666667,37.55,12.0666666666667,0.977900552486188
24-Jan-2018 02:35:00,11.825,366.666666666667,19.2,32.0333333333333,30.3,22.9666666666667,37.7,11.9666666666667,0.988161559888579
24-Jan-2018 02:36:00,11.7,366.666666666667,19.2,32.0333333333333,30.25,22.9666666666667,37.75,11.9416666666667,0.979762735519888
24-Jan-2018 02:37:00,11.5666666666667,350,19.3,31.95,30.25,22.9666666666667,37.4333333333333,11.8,0.980225988700565
24-Jan-2018 02:38:00,11.75,350,19.3,31.95,30.25,22.9666666666667,37.85,11.8,0.995762711864407
24-Jan-2018 02:39:00,11.76,300,19.3,32.05,30.25,22.9,37.8,11.85,0.99240506329114
24-Jan-2018 02:40:00,11.65,350,19.2,32.05,30.25,22.95,37.4666666666667,11.95,0.97489539748954
24-Jan-2018 02:41:00,11.76,400,19.2,32.05,30.25,23,37.7666666666667,11.95,0.984100418410042
24-Jan-2018 02:42:00,11.85,400,19.1,32.1,30.25,23,37.7666666666667,12.075,0.981366459627329
24-Jan-2018 02:43:00,11.85,400,19,32,30.35,23,37.5,12.175,0.973305954825462
24-Jan-2018 02:44:00,11.8,300,19,32.05,30.35,22.9,37,12.2,0.967213114754098
24-Jan-2018 02:45:00,11.9,366.666666666667,18.9,32.05,30.25,22.96,37.15,12.25,0.971428571428571
24-Jan-2018 02:46:00,12.1,366.666666666667,18.9,32.05,30.4,22.96,37.85,12.325,0.981744421906694
24-Jan-2018 02:47:00,12.02,366.666666666667,19,32.05,30.25,22.96,37.7,12.15,0.989300411522634
24-Jan-2018 02:48:00,11.75,300,19,32.05,30.3,22.9,36.95,12.175,0.965092402464066
24-Jan-2018 02:49:00,11.8,400,18.9,32.05,30.3,23,37.05,12.275,0.961303462321792
24-Jan-2018 02:50:00,11.8333333333333,350,19,32.05,30.2,22.9333333333333,37.3,12.125,0.975945017182131
24-Jan-2018 02:51:00,11.75,300,19,32.05,30.2666666666667,23,36.95,12.1583333333333,0.966415352981494
24-Jan-2018 02:52:00,11.7333333333333,300,19.1,32.05,30.2666666666667,23,36.95,12.0583333333333,0.973047684865239
24-Jan-2018 02:53:00,11.925,400,19.2,32.05,30.25,23,38.06,11.95,0.997907949790795
24-Jan-2018 02:54:00,11.85,400,19.3,32.05,30.25,23,38.1,11.85,1
24-Jan-2018 02:55:00,11.6,300,19.3,32.1,30.25,22.9,37.45,11.875,0.976842105263158
24-Jan-2018 02:56:00,11.6,366.666666666667,19.3,32,30.25,23,37.26,11.825,0.980972515856237
24-Jan-2018 02:57:00,11.525,350,19.3,32,30.25,22.95,37.25,11.825,0.974630021141649
24-Jan-2018 02:58:00,11.6,350,19.3,32.1,30.4,22.95,37.25,11.95,0.97071129707113
24-Jan-2018 02:59:00,11.85,350,19.3,32,30.3,22.95,38.05,11.85,1
24-Jan-2018 03:00:00,11.8,350,19.2,32,30.4,22.95,37.8333333333333,12,0.983333333333333
24-Jan-2018 03:01:00,11.7333333333333,350,19.1,32,30.35,22.9333333333333,37.5333333333333,12.075,0.971704623878537
24-Jan-2018 03:02:00,11.7333333333333,350,19.1,31.9,30.3,22.95,37.6,12,0.977777777777778
24-Jan-2018 03:03:00,11.4,300,19,31.75,30.2,22.95,36.5,11.975,0.951983298538622
24-Jan-2018 03:04:00,11.35,300,18.9,31.75,30.1,22.95,36.15,12.025,0.943866943866944
24-Jan-2018 03:05:00,11.15,300,18.9,31.6,30.1,22.95,35.75,11.95,0.933054393305439
24-Jan-2018 03:06:00,11.4,300,18.8,31.6,30.1,23,36.25,12.05,0.946058091286307
24-Jan-2018 03:07:00,11.68,350,18.8,31.6,30,23,37.225,12,0.973333333333333
24-Jan-2018 03:08:00,11.5666666666667,350,18.8,31.5,30,23,36.9333333333333,11.95,0.96792189679219
24-Jan-2018 03:09:00,11.25,350,18.8,31.5,30,22.9333333333333,36.2,11.95,0.941422594142259
24-Jan-2018 03:10:00,11.3,350,18.9,31.5,30.1,22.95,36.2666666666667,11.9,0.949579831932773
24-Jan-2018 03:11:00,11.075,350,18.9666666666667,31.4,30.05,22.95,36.15,11.7583333333333,0.941885187810063
24-Jan-2018 03:12:00,10.95,350,18.9666666666667,31.4,29.9333333333333,22.95,35.7,11.7,0.935897435897436
24-Jan-2018 03:13:00,11.1,350,18.9666666666667,31.4,29.95,23,36.4666666666667,11.7083333333333,0.948042704626335
24-Jan-2018 03:14:00,11.25,350,18.9666666666667,31.4,29.8333333333333,23,37.1833333333333,11.65,0.965665236051502
24-Jan-2018 03:15:00,11.3,350,18.9666666666667,31.35,29.85,23,37.15,11.6333333333333,0.97134670487106
24-Jan-2018 03:16:00,11.05,350,18.9666666666667,31.3,29.85,23,36.375,11.6083333333333,0.951902368987796
24-Jan-2018 03:17:00,11.1333333333333,350,18.9666666666667,31.4,29.85,23,36.6,11.6583333333333,0.954967834167262
24-Jan-2018 03:18:00,11,350,18.95,31.3,29.9,22.95,36.1,11.65,0.944206008583691
24-Jan-2018 03:19:00,10.975,350,18.95,31.3,29.8,22.95,36.1333333333333,11.6,0.946120689655172
24-Jan-2018 03:20:00,11.06,350,18.95,31.3,29.8,22.95,36.6333333333333,11.6,0.953448275862069
24-Jan-2018 03:21:00,11.1,350,18.95,31.3,29.75,22.95,36.8,11.575,0.958963282937365
24-Jan-2018 03:22:00,11.08,350,18.95,31.3,29.75,22.95,36.925,11.575,0.957235421166307
24-Jan-2018 03:23:00,11,350,18.95,31.3,29.9,22.95,36.2,11.65,0.944206008583691
24-Jan-2018 03:24:00,11,350,18.95,31.3,29.8,22.95,36.35,11.6,0.948275862068965
24-Jan-2018 03:25:00,11.2,350,18.95,31.3,29.7,22.95,37.15,11.55,0.96969696969697
24-Jan-2018 03:26:00,11.05,350,18.95,31.2333333333333,29.7666666666667,22.95,36.8,11.55,0.956709956709957
24-Jan-2018 03:27:00,10.9,350,18.95,31.25,29.7,22.9,36.3,11.525,0.945770065075922
24-Jan-2018 03:28:00,11.05,350,18.95,31.3,29.85,23,36.5,11.625,0.950537634408602
24-Jan-2018 03:29:00,10.95,350,18.9,31.25,29.9,22.9333333333333,36.075,11.675,0.937901498929336
24-Jan-2018 03:30:00,11,350,18.8,31.25,30,22.9666666666667,35.9,11.825,0.930232558139535
24-Jan-2018 03:31:00,11.3,350,18.8,31.25,29.8,22.9666666666667,36.7,11.725,0.963752665245203
24-Jan-2018 03:32:00,11.18,350,18.7,31.2,29.75,22.9666666666667,36.5,11.775,0.949469214437367
24-Jan-2018 03:33:00,11.14,350,18.75,31.3,29.85,22.95,35.98,11.825,0.942071881606765
24-Jan-2018 03:34:00,11.44,350,18.8,31.2,30.1,22.9,36.74,11.85,0.965400843881857
24-Jan-2018 03:35:00,10.82,350,18.8,31.2,29.95,22.9,35.025,11.775,0.918895966029724
24-Jan-2018 03:36:00,10.85,350,18.8,31.1,29.7,23,35.65,11.6,0.935344827586207
24-Jan-2018 03:37:00,11,350,18.8,31.1666666666667,29.7,23,36.15,11.6333333333333,0.945558739255014
24-Jan-2018 03:38:00,11.1333333333333,350,18.9,31.1666666666667,29.85,23,36.7333333333333,11.6083333333333,0.95908111988514
24-Jan-2018 03:39:00,11.1,350,19,31.1666666666667,29.85,23,36.6,11.5083333333333,0.964518464880521
24-Jan-2018 03:40:00,11.1,350,19,31.25,29.9,22.9,36.7,11.575,0.958963282937365
24-Jan-2018 03:41:00,11,350,19,31.1,30.1,23,36.25,11.6,0.948275862068965
24-Jan-2018 03:42:00,10.725,350,19,31.2,30.02,22.9,35.32,11.61,0.923772609819121
24-Jan-2018 03:43:00,10.5,350,18.9,31.1,30.05,22.9,34.475,11.675,0.899357601713062
24-Jan-2018 03:44:00,10.6666666666667,350,18.8,31.15,29.9,23,34.9,11.725,0.909737029140014
24-Jan-2018 03:45:00,10.95,350,18.85,31.1666666666667,29.7666666666667,23,36.05,11.6166666666667,0.94261119081779
24-Jan-2018 03:46:00,11.2,400,18.8666666666667,31.15,29.7333333333333,23,37.05,11.575,0.967602591792656
24-Jan-2018 03:47:00,11.36,400,19,31.15,29.9,23,37.65,11.525,0.985683297180043
24-Jan-2018 03:48:00,11.2333333333333,300,19,31.15,29.9,23,37.6666666666667,11.525,0.97469269703543
24-Jan-2018 03:49:00,10.8166666666667,300,19.0666666666667,31.1,29.7428571428571,22.9333333333333,36.38,11.3547619047619,0.952610610190815
24-Jan-2018 03:50:00,10.825,300,19,31.1666666666667,29.7428571428571,23,36.4333333333333,11.4547619047619,0.945021824984411
24-Jan-2018 03:51:00,10.85,300,19.05,31.1666666666667,29.7428571428571,23,36.4333333333333,11.4047619047619,0.951356993736952
24-Jan-2018 03:52:00,11,300,19.05,31.15,29.7428571428571,23,37,11.3964285714286,0.965214666248825
24-Jan-2018 03:53:00,11,400,19.05,31.15,29.6,23,37.35,11.325,0.971302428256071
24-Jan-2018 03:54:00,11.1,300,19.05,31.15,29.6,23,37.3,11.325,0.980132450331126
24-Jan-2018 03:55:00,10.85,300,19.05,31.15,29.7,22.9,36.6333333333333,11.375,0.953846153846154
24-Jan-2018 03:56:00,10.96,300,19.05,31.1,29.8,23,36.55,11.4,0.96140350877193
24-Jan-2018 03:57:00,10.9,300,19.05,31.15,29.6666666666667,22.95,36.55,11.3583333333333,0.95964783565664
24-Jan-2018 03:58:00,10.8833333333333,300,18.9,31.15,29.6333333333333,22.94,36.4,11.4916666666667,0.947063089195069
24-Jan-2018 03:59:00,11.05,300,18.9,31.15,29.7,22.9666666666667,36.7,11.525,0.958785249457701
24-Jan-2018 04:00:00,10.85,300,18.8,31.15,29.65,22.9,36.1,11.6,0.935344827586207
24-Jan-2018 04:01:00,10.9,300,18.8,31.15,29.65,22.95,36.0333333333333,11.6,0.939655172413793
24-Jan-2018 04:02:00,10.95,300,18.7,31.15,29.65,22.95,36.3,11.7,0.935897435897436
24-Jan-2018 04:03:00,10.95,300,18.7,31.15,29.65,22.96,36,11.7,0.935897435897436
24-Jan-2018 04:04:00,11,300,18.7,31.15,29.7,22.9333333333333,36,11.725,0.93816631130064
24-Jan-2018 04:05:00,11.05,300,18.7,31.15,29.65,23,36.4666666666667,11.7,0.944444444444445
24-Jan-2018 04:06:00,11.05,300,18.8,31.15,29.7,23,36.85,11.625,0.950537634408603
24-Jan-2018 04:07:00,10.95,300,18.9,31.15,29.6,23,36.4,11.475,0.954248366013072
24-Jan-2018 04:08:00,10.95,300,18.9666666666667,31.15,29.6,23,36.75,11.4083333333333,0.959824689554419
24-Jan-2018 04:09:00,10.9333333333333,300,18.9666666666667,31.05,29.6,23,37.05,11.3583333333333,0.962582538517974
24-Jan-2018 04:10:00,10.85,300,18.9666666666667,31.05,29.75,22.9,36.5333333333333,11.4333333333333,0.948979591836735
24-Jan-2018 04:11:00,10.75,300,19.1,31.05,29.7,23,36.35,11.275,0.953436807095344
24-Jan-2018 04:12:00,10.66,300,19.1,31.05,29.65,22.9333333333333,36.1833333333333,11.25,0.947555555555556
24-Jan-2018 04:13:00,10.66,300,19,31.05,29.6333333333333,22.9666666666667,36.05,11.3416666666667,0.939897134459956
24-Jan-2018 04:14:00,10.7,300,19,31.05,29.6333333333333,22.9666666666667,36.05,11.3416666666667,0.943423952975753
24-Jan-2018 04:15:00,10.8666666666667,300,19,31.05,29.7333333333333,22.9,36.1,11.3916666666667,0.953913679590344
24-Jan-2018 04:16:00,10.7,300,19,31.05,29.7333333333333,22.9666666666667,35.95,11.3916666666667,0.939283101682516
24-Jan-2018 04:17:00,10.9,300,18.9,31.05,29.7333333333333,22.9666666666667,36.45,11.4916666666667,0.948513415518492
24-Jan-2018 04:18:00,11.1,350,19,31.05,29.7333333333333,22.9666666666667,37,11.3916666666667,0.974396488661302
24-Jan-2018 04:19:00,10.975,350,18.9333333333333,31.05,29.75,22.9666666666667,36.25,11.4666666666667,0.957122093023256
24-Jan-2018 04:20:00,10.9,350,18.9333333333333,31.05,29.6,22.95,36.25,11.3916666666667,0.956839795171909
24-Jan-2018 04:21:00,10.9,350,18.8,31.05,29.6666666666667,22.9,36.25,11.5583333333333,0.943042537851478
24-Jan-2018 04:22:00,10.9,350,18.8,31,29.65,23,36.25,11.525,0.945770065075922
24-Jan-2018 04:23:00,10.9,350,18.7,31.05,29.6,22.9333333333333,36,11.625,0.93763440860215
24-Jan-2018 04:24:00,11.15,350,18.7,31.15,29.85,23,36.15,11.8,0.944915254237288
24-Jan-2018 04:25:00,11.02,350,18.7,31.05,30.05,22.9,35.6666666666667,11.85,0.929957805907173
24-Jan-2018 04:26:00,10.64,200,18.75,31.1,29.9666666666667,22.85,34.1333333333333,11.7833333333333,0.902970297029703
24-Jan-2018 04:27:00,10.625,300,18.75,31.1,29.85,23,34.675,11.725,0.906183368869936
24-Jan-2018 04:28:00,10.85,300,18.75,31.05,29.7,23,35.85,11.625,0.933333333333333
24-Jan-2018 04:29:00,11.0666666666667,300,18.8,31.05,29.6333333333333,23,36.65,11.5416666666667,0.95884476534296
24-Jan-2018 04:30:00,11.0666666666667,300,18.9,31.05,29.65,23,37.05,11.45,0.966521106259097
24-Jan-2018 04:31:00,11.1,350,19,31.05,29.65,23,37.38,11.35,0.977973568281938
24-Jan-2018 04:32:00,10.9,350,19,31.05,29.75,23,37,11.4,0.956140350877193
24-Jan-2018 04:33:00,10.95,366.666666666667,19.1,31.05,29.65,23,37.1333333333333,11.25,0.973333333333333
24-Jan-2018 04:34:00,10.8,300,19.1,31.05,29.65,23,36.8,11.25,0.96
24-Jan-2018 04:35:00,10.6333333333333,300,19.1,31.05,29.65,22.9,36.25,11.25,0.945185185185185
24-Jan-2018 04:36:00,10.775,300,19,31.05,29.7,22.95,36.2333333333333,11.375,0.947252747252747
24-Jan-2018 04:37:00,10.6333333333333,300,19,31.05,29.6,23,35.9,11.325,0.938925680647535
24-Jan-2018 04:38:00,10.8666666666667,300,19,31.05,29.6666666666667,23,36.5666666666667,11.3583333333333,0.956713132795304
24-Jan-2018 04:39:00,10.9833333333333,300,18.9333333333333,31.05,29.65,23,36.7166666666667,11.4166666666667,0.962043795620438
24-Jan-2018 04:40:00,11.075,300,18.95,31,29.9333333333333,22.9,36.9,11.5166666666667,0.961649782923299
24-Jan-2018 04:41:00,10.6,300,18.95,31.0666666666667,29.8,22.9,35.28,11.4833333333333,0.923076923076923
24-Jan-2018 04:42:00,10.8333333333333,300,18.95,31.0666666666667,29.7,23,36.1,11.4333333333333,0.947521865889213
24-Jan-2018 04:43:00,11.025,300,18.8,31.05,29.6,23,36.5666666666667,11.525,0.956616052060737
24-Jan-2018 04:44:00,11.2,350,18.8,31.05,29.65,23,37.1,11.55,0.969696969696969
24-Jan-2018 04:45:00,11.1333333333333,350,18.8,31.05,29.65,23,36.85,11.55,0.963924963924964
24-Jan-2018 04:46:00,11.1,350,18.7,31.2,29.86,22.95,36.025,11.83,0.938292476754015
24-Jan-2018 04:47:00,10.94,350,18.7,31.05,30,22.9,35.575,11.825,0.925158562367865
24-Jan-2018 04:48:00,10.44,350,18.75,31.1,29.75,22.9,34.3142857142857,11.675,0.894218415417559
24-Jan-2018 04:49:00,10.7,350,18.75,31.05,29.75,23,35,11.65,0.918454935622318
24-Jan-2018 04:50:00,11.1,400,18.8,31.05,29.6333333333333,23,36.54,11.5416666666667,0.961732851985559
24-Jan-2018 04:51:00,11.1,300,18.9,31,29.6333333333333,23,36.98,11.4166666666667,0.972262773722627
24-Jan-2018 04:52:00,10.9,300,19,31.05,29.8,22.9,36.38,11.425,0.954048140043764
24-Jan-2018 04:53:00,10.6,300,18.95,31.1,29.7,22.9,35.575,11.45,0.925764192139738
24-Jan-2018 04:54:00,10.9,300,18.95,31.1,29.8333333333333,23,36.6,11.5166666666667,0.946454413892909
24-Jan-2018 04:55:00,10.85,300,18.95,31.1,29.6666666666667,23,36.4666666666667,11.4333333333333,0.948979591836735
24-Jan-2018 04:56:00,10.9,300,18.95,31.1,29.7,23,36.7333333333333,11.45,0.951965065502184
24-Jan-2018 04:57:00,10.925,300,18.95,31.1,29.65,23,36.8,11.425,0.956236323851203
24-Jan-2018 04:58:00,10.86,300,18.95,31.1,29.66,23,36.8,11.43,0.950131233595801
24-Jan-2018 04:59:00,10.95,300,18.95,31.1,29.6,23,36.85,11.4,0.960526315789473
24-Jan-2018 05:00:00,10.8,300,18.95,31.1,29.6,22.9,36.05,11.4,0.947368421052632
24-Jan-2018 05:01:00,10.9,300,18.9333333333333,31.1,29.6,23,36.55,11.4166666666667,0.954744525547445
24-Jan-2018 05:02:00,11.0666666666667,300,18.9333333333333,31.1,29.7333333333333,23,36.85,11.4833333333333,0.963715529753266
24-Jan-2018 05:03:00,10.98,300,18.9333333333333,31.1,29.64,23,36.8333333333333,11.4366666666667,0.960069950451763
24-Jan-2018 05:04:00,10.8666666666667,300,18.95,31.1,29.64,22.95,36.35,11.42,0.951546993578517
24-Jan-2018 05:05:00,10.825,300,18.95,31.1,29.64,22.95,36.35,11.42,0.947898423817863
24-Jan-2018 05:06:00,11.05,300,18.95,31.1,29.7,22.95,36.85,11.45,0.965065502183406
24-Jan-2018 05:07:00,10.925,300,18.8,31.1,29.6,22.95,36.26,11.55,0.945887445887446
24-Jan-2018 05:08:00,11.1,300,18.8,31.1,29.6,22.95,36.26,11.55,0.961038961038961
24-Jan-2018 05:09:00,11.05,300,18.8,31.1,29.75,22.95,36.6,11.625,0.950537634408602
24-Jan-2018 05:10:00,10.9,300,18.7,31.05,29.65,22.95,36.05,11.65,0.935622317596566
24-Jan-2018 05:11:00,10.98,300,18.7,31.05,29.65,22.9333333333333,36.22,11.65,0.942489270386266
24-Jan-2018 05:12:00,11.075,300,18.8,31.05,29.8,23,36.325,11.625,0.952688172043011
24-Jan-2018 05:13:00,10.9,300,18.8,31.05,29.7,22.9,36.04,11.575,0.941684665226782
24-Jan-2018 05:14:00,10.8,300,18.8,31,29.7,22.9666666666667,35.925,11.55,0.935064935064935
24-Jan-2018 05:15:00,10.78,300,18.9,31.1,29.7,22.95,35.775,11.5,0.937391304347826
24-Jan-2018 05:16:00,10.8,300,18.9,31.05,29.65,22.95,36.25,11.45,0.943231441048035
24-Jan-2018 05:17:00,10.65,300,18.95,31.0333333333333,29.65,22.95,35.7,11.3916666666667,0.934893928310168
24-Jan-2018 05:18:00,10.75,300,19,31.0666666666667,29.7,22.95,36.2666666666667,11.3833333333333,0.944363103953148
24-Jan-2018 05:19:00,10.86,300,19,31.05,29.6,22.95,36.65,11.325,0.958940397350993
24-Jan-2018 05:20:00,10.8,300,19,31.05,29.7,22.95,36.4333333333333,11.375,0.949450549450549
24-Jan-2018 05:21:00,10.8,300,19,31.05,29.65,22.95,36.4666666666667,11.35,0.951541850220264
24-Jan-2018 05:22:00,10.85,300,19,31.05,29.6,22.95,36.6,11.325,0.958057395143488
24-Jan-2018 05:23:00,10.9,300,19,31.05,29.65,22.95,36.675,11.35,0.960352422907489
24-Jan-2018 05:24:00,11,350,19,31.05,29.55,22.95,37.15,11.3,0.973451327433628
24-Jan-2018 05:25:00,10.75,350,19,31.15,29.8,22.9,36.15,11.475,0.93681917211329
24-Jan-2018 05:26:00,10.8,350,18.9,31.15,29.7,22.95,36.1,11.525,0.93709327548807
24-Jan-2018 05:27:00,10.82,350,18.9,31.15,29.75,22.95,35.9,11.55,0.936796536796537
24-Jan-2018 05:28:00,10.85,350,18.9,31.15,29.6,23,36.2,11.475,0.945533769063181
24-Jan-2018 05:29:00,10.9,350,18.8,31.15,29.65,22.9,36.225,11.6,0.939655172413793
24-Jan-2018 05:30:00,10.8,350,18.8,31.15,29.65,22.9666666666667,36.2,11.6,0.931034482758621
24-Jan-2018 05:31:00,10.85,350,18.7,31,29.65,22.9666666666667,35.9,11.625,0.933333333333333
24-Jan-2018 05:32:00,11,350,18.7,31.0666666666667,29.65,22.9666666666667,36.2,11.6583333333333,0.943531093638313
24-Jan-2018 05:33:00,11.1,350,18.7,31.0666666666667,29.75,22.95,36.1333333333333,11.7083333333333,0.948042704626335
24-Jan-2018 05:34:00,10.96,350,18.7,31.0666666666667,29.7,22.95,35.85,11.6833333333333,0.938088445078459
24-Jan-2018 05:35:00,11.1,350,18.7,31,29.9,22.95,36.2666666666667,11.75,0.94468085106383
24-Jan-2018 05:36:00,10.7333333333333,350,18.7,31.1,29.8,22.95,35.34,11.75,0.913475177304965
24-Jan-2018 05:37:00,10.825,350,18.7666666666667,31,30.0333333333333,22.9,35.25,11.75,0.921276595744681
24-Jan-2018 05:38:00,10.4666666666667,350,18.7666666666667,30.95,29.8,22.9,34.575,11.6083333333333,0.901651112706389
24-Jan-2018 05:39:00,10.7,350,18.9,30.95,29.65,23,35.6666666666667,11.4,0.93859649122807
24-Jan-2018 05:40:00,11,350,18.9,31.05,29.9,23,36.48,11.575,0.950323974082073
24-Jan-2018 05:41:00,10.7333333333333,350,19,31.1,29.76,23,35.9333333333333,11.43,0.939049285505979
24-Jan-2018 05:42:00,10.94,350,19,31.1,29.9,23,36.66,11.5,0.951304347826087
24-Jan-2018 05:43:00,10.8833333333333,350,19.0666666666667,31.1,29.7,23,36.94,11.3333333333333,0.960294117647059
24-Jan-2018 05:44:00,10.8333333333333,350,19.05,31.1,29.75,22.95,36.4333333333333,11.375,0.952380952380952
24-Jan-2018 05:45:00,10.7166666666667,350,19,31.1,29.75,22.95,36.15,11.425,0.938001458789205
24-Jan-2018 05:46:00,10.9,350,19,31.1,29.75,22.95,36.55,11.425,0.954048140043764
24-Jan-2018 05:47:00,11.1,400,19,31.1,29.75,22.95,37.2,11.425,0.971553610503282
24-Jan-2018 05:48:00,10.9,300,19,31.1,29.9,22.9,36.9,11.5,0.947826086956522
24-Jan-2018 05:49:00,10.94,300,18.9333333333333,31.05,30.05,22.95,36.075,11.6166666666667,0.941750358680057
24-Jan-2018 05:50:00,10.6,300,18.9333333333333,31.05,29.85,22.95,35.16,11.5166666666667,0.92040520984081
24-Jan-2018 05:51:00,10.6,300,18.8333333333333,31.05,29.7,23,35.15,11.5416666666667,0.91841155234657
24-Jan-2018 05:52:00,10.9,300,18.7,31.05,29.6333333333333,23,36.1666666666667,11.6416666666667,0.93629205440229
24-Jan-2018 05:53:00,11.16,300,18.7,31.05,29.6333333333333,23,36.86,11.6416666666667,0.958625626342162
24-Jan-2018 05:54:00,11.125,300,18.7,31.05,29.6333333333333,23,36.65,11.6416666666667,0.95561918396564
24-Jan-2018 05:55:00,10.925,300,18.7,31.05,29.6333333333333,22.9333333333333,36,11.6416666666667,0.938439513242663
24-Jan-2018 05:56:00,10.85,300,18.7,31.05,29.6333333333333,23,35.8,11.6416666666667,0.931997136721546
24-Jan-2018 05:57:00,10.85,300,18.75,31.05,29.55,23,35.8,11.55,0.939393939393939
24-Jan-2018 05:58:00,11.05,300,18.8,31,29.55,23,36.7,11.475,0.962962962962963
24-Jan-2018 05:59:00,11.1,350,18.8,31,29.65,23,36.8666666666667,11.525,0.963123644251627
24-Jan-2018 06:00:00,10.78,350,18.9,31,29.65,22.9333333333333,36.1,11.425,0.943544857768053
24-Jan-2018 06:01:00,10.9,350,19,31.1,29.7,23,36.4,11.4,0.956140350877193
24-Jan-2018 06:02:00,11.0333333333333,350,19,31.1,29.85,23,36.8,11.475,0.961510530137981
24-Jan-2018 06:03:00,10.86,350,19,31.05,29.7666666666667,22.95,36.5,11.4083333333333,0.951935719503287
24-Jan-2018 06:04:00,10.8,350,19.0666666666667,31,29.7,22.95,36.5,11.2833333333333,0.957163958641063
24-Jan-2018 06:05:00,10.8,350,19,31.1,29.7,22.95,36.75,11.4,0.947368421052632
24-Jan-2018 06:06:00,11.04,400,19.05,31.1,29.6333333333333,22.95,37.56,11.3166666666667,0.975552282768778
24-Jan-2018 06:07:00,11.05,300,19.05,31,29.95,22.95,37.3,11.425,0.967177242888403
24-Jan-2018 06:08:00,10.85,350,19.05,31,29.95,22.9,35.725,11.425,0.949671772428884
24-Jan-2018 06:09:00,10.5,350,18.9,31,29.7666666666667,22.9,35.1,11.4833333333333,0.914368650217707
24-Jan-2018 06:10:00,10.975,350,18.9,31.1333333333333,30,23,36.2,11.6666666666667,0.940714285714286
24-Jan-2018 06:11:00,10.9333333333333,350,18.9,31,30.2333333333333,22.9,35.7333333333333,11.7166666666667,0.933143669985775
24-Jan-2018 06:12:00,10.46,350,18.8,31.05,29.95,22.9,34.4571428571429,11.7,0.894017094017094
24-Jan-2018 06:13:00,10.7666666666667,350,18.7,31.1,29.7,23,35.325,11.7,0.92022792022792
24-Jan-2018 06:14:00,11.25,400,18.7,31.1,29.7,23,37.0333333333333,11.7,0.961538461538461
24-Jan-2018 06:15:00,11.3,300,18.7,31.1,29.6,23,37.4666666666667,11.65,0.969957081545064
24-Jan-2018 06:16:00,11.2,300,18.7,31.1,29.6,23,36.85,11.65,0.96137339055794
24-Jan-2018 06:17:00,10.9,300,18.8,31,29.55,22.9333333333333,36.05,11.475,0.949891067538127
24-Jan-2018 06:18:00,10.9,300,18.8,31,29.55,23,36.0666666666667,11.475,0.949891067538127
24-Jan-2018 06:19:00,10.9666666666667,300,18.8,31.1,29.55,22.95,36.4,11.525,0.951554591467823
24-Jan-2018 06:20:00,10.85,300,18.8,31.05,29.5,22.95,36.05,11.475,0.945533769063181
24-Jan-2018 06:21:00,11.04,300,18.9,31.05,29.65,22.95,36.8,11.45,0.964192139737991
24-Jan-2018 06:22:00,10.96,300,19,31.0333333333333,29.75,22.95,36.5,11.3916666666667,0.962106803218727
24-Jan-2018 06:23:00,10.7666666666667,300,18.95,31.0666666666667,29.65,22.9,36,11.4083333333333,0.943754565376187
24-Jan-2018 06:24:00,10.775,300,18.9,31.0333333333333,29.6,23,36.4666666666667,11.4166666666667,0.943795620437956
24-Jan-2018 06:25:00,11.04,350,18.9,31.05,29.8,22.9,36.775,11.525,0.957917570498915
24-Jan-2018 06:26:00,10.575,350,18.9,31.0666666666667,29.7,22.9,35.4166666666667,11.4833333333333,0.920899854862119
24-Jan-2018 06:27:00,10.7666666666667,350,18.9,31.0666666666667,29.65,23,35.9333333333333,11.4583333333333,0.939636363636363
24-Jan-2018 06:28:00,10.9333333333333,350,18.8,31.0666666666667,29.6,23,36.4,11.5333333333333,0.947976878612717
24-Jan-2018 06:29:00,10.875,350,18.8,31.0333333333333,29.6,23,36.3,11.5166666666667,0.944283646888567
24-Jan-2018 06:30:00,10.95,350,18.8,31.1,29.75,23,36.45,11.625,0.941935483870968
24-Jan-2018 06:31:00,10.8,350,18.9,31.1,29.6,23,36.45,11.45,0.943231441048035
24-Jan-2018 06:32:00,10.8,350,18.9,31,29.7333333333333,22.95,35.8,11.4666666666667,0.941860465116279
24-Jan-2018 06:33:00,10.7,350,18.9,31.1,29.6333333333333,22.95,35.8,11.4666666666667,0.933139534883721
24-Jan-2018 06:34:00,10.8,350,18.9,31,29.6333333333333,22.95,36.275,11.4166666666667,0.945985401459854
24-Jan-2018 06:35:00,10.95,350,18.9,31.05,29.6333333333333,22.95,36.7,11.4416666666667,0.957028404952658
24-Jan-2018 06:36:00,10.9,350,18.9,31.05,29.5333333333333,22.95,36.55,11.3916666666667,0.956839795171909
24-Jan-2018 06:37:00,10.7333333333333,350,18.9,31.0666666666667,29.6,22.95,35.9,11.4333333333333,0.938775510204081
24-Jan-2018 06:38:00,11.02,350,18.8333333333333,31,29.85,22.9,36.2,11.5916666666667,0.950682961897915
24-Jan-2018 06:39:00,10.5666666666667,350,18.8333333333333,30.95,30.06,22.9,34.8,11.6716666666667,0.905326288733399
24-Jan-2018 06:40:00,10.35,250,18.8333333333333,31.05,29.8,22.9,34.2,11.5916666666667,0.892882818116463
24-Jan-2018 06:41:00,10.775,250,18.8333333333333,31.1,29.7,23,35.7333333333333,11.5666666666667,0.931556195965418
24-Jan-2018 06:42:00,11.125,250,18.8333333333333,31.1,29.8,23,36.58,11.6166666666667,0.95767575322812
24-Jan-2018 06:43:00,11.1333333333333,250,18.9,31,30,23,36.54,11.6,0.959770114942529
24-Jan-2018 06:44:00,10.8,250,18.8,31.1,30.05,22.9,35.12,11.775,0.917197452229299
24-Jan-2018 06:45:00,10.55,250,18.8,31.1,29.75,23,34.74,11.625,0.90752688172043
24-Jan-2018 06:46:00,10.8,250,18.7,31.1,29.6,23,35.8333333333333,11.65,0.927038626609442
24-Jan-2018 06:47:00,11.1,250,18.8,31.1,29.75,23,36.48,11.625,0.954838709677419
24-Jan-2018 06:48:00,11.0666666666667,250,18.8,31.1,29.85,23,36.62,11.675,0.947894361170593
24-Jan-2018 06:49:00,11.1,250,18.9,31.1,29.7,23,36.825,11.5,0.965217391304348
24-Jan-2018 06:50:00,10.9333333333333,250,19,31.1,29.75,23,36.5333333333333,11.425,0.956965718453683
24-Jan-2018 06:51:00,10.9,250,19,31.1,29.65,23,36.65,11.375,0.958241758241758
24-Jan-2018 06:52:00,10.7333333333333,250,19,31.1,29.85,22.95,35.9,11.475,0.935366739288308
24-Jan-2018 06:53:00,10.75,250,19,31.1,29.75,22.95,36.1333333333333,11.425,0.940919037199125
24-Jan-2018 06:54:00,10.9,250,19,31.05,29.6,22.95,36.75,11.325,0.962472406181015
24-Jan-2018 06:55:00,11.05,350,19,31.05,29.65,22.95,37.175,11.35,0.973568281938326
24-Jan-2018 06:56:00,10.8,350,19,31.05,29.65,22.9,36.2,11.35,0.951541850220264
24-Jan-2018 06:57:00,10.8,350,19,31.05,29.8,22.9,36.2666666666667,11.425,0.945295404814005
24-Jan-2018 06:58:00,10.7666666666667,350,18.9333333333333,31,29.8,22.95,35.8,11.4666666666667,0.938953488372093
24-Jan-2018 06:59:00,10.7666666666667,350,18.9333333333333,31.1,29.6,22.96,36.0333333333333,11.4166666666667,0.943065693430657
24-Jan-2018 07:00:00,11,350,18.9333333333333,31,29.6,22.96,36.7,11.3666666666667,0.967741935483871
24-Jan-2018 07:01:00,11.05,350,18.9333333333333,31.05,29.85,22.96,36.55,11.5166666666667,0.959479015918958
24-Jan-2018 07:02:00,10.725,350,18.8,30.95,30.05,22.9,35.34,11.7,0.916666666666667
24-Jan-2018 07:03:00,10.75,350,18.8,31.1,29.9333333333333,22.9,34.9,11.7166666666667,0.917496443812233
24-Jan-2018 07:04:00,10.96,350,18.7,31.1,29.8,23,35.72,11.75,0.932765957446808
24-Jan-2018 07:05:00,11.05,350,18.7,31.1,29.9,23,36.0666666666667,11.8,0.936440677966102
24-Jan-2018 07:06:00,11.175,350,18.7,31,30.1,22.95,36.025,11.85,0.943037974683544
24-Jan-2018 07:07:00,10.85,350,18.7,31.1,29.9,22.9,35.25,11.8,0.919491525423729
24-Jan-2018 07:08:00,10.9666666666667,350,18.7,31.1,29.7,23,35.8666666666667,11.7,0.937321937321937
24-Jan-2018 07:09:00,11.15,350,18.7,31,30.05,22.9,36.05,11.825,0.94291754756871
24-Jan-2018 07:10:00,10.5,350,18.8,31,29.95,22.9,34.5,11.675,0.899357601713062
24-Jan-2018 07:11:00,10.4666666666667,350,18.8,31.1,29.7,23,34.55,11.6,0.902298850574713
24-Jan-2018 07:12:00,10.9,350,18.8,31.1,29.6,23,36.22,11.55,0.943722943722944
24-Jan-2018 07:13:00,11.1,350,18.9,31.1,29.65,23,36.75,11.475,0.967320261437908
24-Jan-2018 07:14:00,10.9666666666667,350,19,31.05,29.6666666666667,23,36.78,11.3583333333333,0.96551724137931
24-Jan-2018 07:15:00,10.75,350,19,31.05,29.65,22.95,36.2,11.35,0.947136563876652
24-Jan-2018 07:16:00,10.9,350,19,31.05,29.65,22.95,36.75,11.35,0.960352422907489
24-Jan-2018 07:17:00,11.05,350,19,31.05,29.9,22.95,37.1333333333333,11.475,0.962962962962963
24-Jan-2018 07:18:00,10.7,350,19,31,30,22.9,35.92,11.5,0.930434782608696
24-Jan-2018 07:19:00,10.3,350,19,31.05,29.8,22.9,34.55,11.425,0.901531728665208
24-Jan-2018 07:20:00,10.6166666666667,350,18.9,31.1,29.7,23,35.42,11.5,0.923188405797101
24-Jan-2018 07:21:00,11.14,350,18.9,31.1,29.95,23,36.86,11.625,0.958279569892473
24-Jan-2018 07:22:00,10.9,350,18.9,31.05,29.82,23,35.9333333333333,11.535,0.94495015171218
24-Jan-2018 07:23:00,10.9,350,18.9,31.05,29.75,23,35.9333333333333,11.5,0.947826086956522
24-Jan-2018 07:24:00,10.9,350,18.9,31.05,29.75,23,36.5666666666667,11.5,0.947826086956522
24-Jan-2018 07:25:00,11.0666666666667,350,18.9,31.05,29.6333333333333,23,36.9,11.4416666666667,0.967225054624909
24-Jan-2018 07:26:00,10.98,350,18.9,31.05,29.7,23,36.6666666666667,11.475,0.956862745098039
24-Jan-2018 07:27:00,11,350,18.9,31.05,29.8,22.9,36.5333333333333,11.525,0.954446854663774
24-Jan-2018 07:28:00,10.8,350,18.8,31.05,29.6,22.9,35.76,11.525,0.937093275488069
24-Jan-2018 07:29:00,10.8,350,18.7,31.05,29.7333333333333,22.9,35.5333333333333,11.6916666666667,0.923734853884533
24-Jan-2018 07:30:00,10.75,350,18.7,31,29.6,22.9,35.45,11.6,0.926724137931034
24-Jan-2018 07:31:00,10.8333333333333,350,18.65,31.0666666666667,29.6,23,35.55,11.6833333333333,0.927246790299572
24-Jan-2018 07:32:00,11.06,350,18.65,31,29.85,22.95,36.075,11.775,0.939278131634819
24-Jan-2018 07:33:00,11.0666666666667,350,18.65,31.1,29.84,22.95,36.25,11.82,0.936266215454033
24-Jan-2018 07:34:00,10.7,350,18.65,31,29.85,22.9,35.2666666666667,11.775,0.908704883227176
24-Jan-2018 07:35:00,10.7,350,18.8,31.05,29.8,22.9,35.1,11.625,0.920430107526882
24-Jan-2018 07:36:00,10.94,350,18.9,31.05,29.9,22.95,36.1571428571429,11.575,0.945140388768898
24-Jan-2018 07:37:00,10.7,350,18.9,31.1,29.75,23,35.5333333333333,11.525,0.928416485900217
24-Jan-2018 07:38:00,10.9166666666667,350,18.9,31.1,30,22.9,36,11.65,0.937052932761087
24-Jan-2018 07:39:00,10.7,350,19,31.1,29.95,22.9666666666667,35.45,11.525,0.928416485900217
24-Jan-2018 07:40:00,10.8666666666667,350,19,31.05,29.75,22.9666666666667,36.425,11.4,0.953216374269006
24-Jan-2018 07:41:00,10.9333333333333,350,19,31.05,29.8,22.9,36.7,11.425,0.956965718453684
24-Jan-2018 07:42:00,10.95,350,19,31.05,29.75,23,36.7,11.4,0.960526315789474
24-Jan-2018 07:43:00,11.1,350,19,31.05,29.95,22.9,36.975,11.5,0.965217391304348
24-Jan-2018 07:44:00,10.75,350,19,31.05,29.9333333333333,22.9,35.8,11.4916666666667,0.935460478607687
24-Jan-2018 07:45:00,10.6,350,18.9,31.05,29.75,23,35.55,11.5,0.921739130434783
24-Jan-2018 07:46:00,10.8,350,18.9,31.05,29.75,23,36,11.5,0.939130434782609
24-Jan-2018 07:47:00,11.0333333333333,350,18.9,31.05,29.75,23,36.725,11.5,0.959420289855072
24-Jan-2018 07:48:00,10.8,350,18.9,31.05,29.6,23,36.3,11.425,0.945295404814004
24-Jan-2018 07:49:00,10.8,350,18.9,31.05,29.65,22.95,36,11.45,0.943231441048035
24-Jan-2018 07:50:00,10.8,350,18.9,31.05,29.7,22.95,36.0666666666667,11.475,0.941176470588235
24-Jan-2018 07:51:00,10.82,350,18.8,31.15,29.75,22.95,35.92,11.65,0.928755364806867
24-Jan-2018 07:52:00,10.975,350,18.8,31.2,29.95,22.95,36.15,11.775,0.932059447983015
24-Jan-2018 07:53:00,11.0666666666667,350,18.8,31.05,30.05,22.9,36.0166666666667,11.75,0.941843971631206
24-Jan-2018 07:54:00,10.7,350,18.7,31.15,29.8,22.9,35.02,11.775,0.908704883227176
24-Jan-2018 07:55:00,10.975,350,18.7,31.1,29.8,22.95,35.575,11.75,0.934042553191489
24-Jan-2018 07:56:00,11,350,18.7,31.1,29.7,23,35.8,11.7,0.94017094017094
24-Jan-2018 07:57:00,11.1,350,18.7,31.05,29.7,23,36.45,11.675,0.950749464668094
24-Jan-2018 07:58:00,11,350,18.7,31.05,29.6333333333333,23,36.32,11.6416666666667,0.944881889763779
24-Jan-2018 07:59:00,11,350,18.8,31.05,29.6666666666667,23,36.75,11.5583333333333,0.951694304253785
24-Jan-2018 08:00:00,10.9,350,18.9,31,29.9,22.9,35.65,11.55,0.943722943722944
24-Jan-2018 08:01:00,10.5333333333333,350,18.9,31.05,29.7,22.9,35.2,11.475,0.917937545388526
24-Jan-2018 08:02:00,10.7,350,18.9,31.05,29.6333333333333,23,36.05,11.4416666666667,0.935178441369264
24-Jan-2018 08:03:00,10.75,350,19,31.05,29.6333333333333,23,36.3,11.3416666666667,0.947832476120499
24-Jan-2018 08:04:00,10.8333333333333,350,19,31.1,29.7,23,36.3,11.4,0.950292397660819
24-Jan-2018 08:05:00,11.0333333333333,350,19,31,30,23,36.9571428571429,11.5,0.959420289855072
24-Jan-2018 08:06:00,10.5,350,19,31.1,29.9,22.9,35.0333333333333,11.5,0.91304347826087
24-Jan-2018 08:07:00,10.525,350,18.9,31.1,29.7333333333333,22.9,34.9666666666667,11.5166666666667,0.913892908827786
24-Jan-2018 08:08:00,11,350,18.9,31.15,29.85,23,36.32,11.6,0.948275862068965
24-Jan-2018 08:09:00,11.1,400,18.9,31.15,29.7,23,37.02,11.525,0.963123644251627
24-Jan-2018 08:10:00,11.025,300,18.9,31.15,29.68,23,36.95,11.515,0.957446808510638
24-Jan-2018 08:11:00,10.9,300,18.9,31.15,29.7,22.9,36.1333333333333,11.525,0.945770065075922
24-Jan-2018 08:12:00,10.8,300,18.9,31.15,29.7666666666667,22.95,35.9666666666667,11.5583333333333,0.934390771449171
24-Jan-2018 08:13:00,11,300,18.8,31.15,29.82,22.9666666666667,36.025,11.685,0.94137783483098
24-Jan-2018 08:14:00,10.8333333333333,300,18.8,31.05,29.9,22.9,35.55,11.675,0.92790863668808
24-Jan-2018 08:15:00,10.85,300,18.7,31.05,29.7,22.9666666666667,35.5,11.675,0.929336188436831
24-Jan-2018 08:16:00,11.05,300,18.7,31.05,29.6,22.9666666666667,36.15,11.625,0.950537634408602
24-Jan-2018 08:17:00,11.02,300,18.65,31.0333333333333,29.8,22.9666666666667,36.2666666666667,11.7666666666667,0.936543909348442
24-Jan-2018 08:18:00,10.98,300,18.65,31.0333333333333,30,22.9,35.3,11.8666666666667,0.925280898876405
24-Jan-2018 08:19:00,10.5,300,18.65,31.1,29.75,22.9,34.35,11.775,0.89171974522293
24-Jan-2018 08:20:00,10.76,300,18.8,31.1,29.75,23,35.3,11.625,0.925591397849462
24-Jan-2018 08:21:00,11.1,400,18.8,31,29.65,23,36.675,11.525,0.963123644251627
24-Jan-2018 08:22:00,11.2666666666667,350,18.9,31.1,29.7,23,37.4,11.5,0.979710144927536
24-Jan-2018 08:23:00,11.1,333.333333333333,19,31.1,29.6,23,37.3166666666667,11.35,0.977973568281938
24-Jan-2018 08:24:00,11,333.333333333333,19,31.1,29.65,23,36.95,11.375,0.967032967032967
24-Jan-2018 08:25:00,10.8,333.333333333333,19,31.1,29.65,22.9,36.3666666666667,11.375,0.94945054945055
24-Jan-2018 08:26:00,10.8,333.333333333333,19,31.1,29.65,23,36.35,11.375,0.949450549450549
24-Jan-2018 08:27:00,10.8,333.333333333333,18.9,31.1,29.65,22.9333333333333,36.3,11.475,0.941176470588235
24-Jan-2018 08:28:00,10.8666666666667,333.333333333333,18.9,31.1,29.65,22.9666666666667,36.3333333333333,11.475,0.946986201888163
24-Jan-2018 08:29:00,10.94,333.333333333333,18.9,31,29.85,22.9,36.35,11.525,0.949240780911063
24-Jan-2018 08:30:00,10.55,333.333333333333,18.9,31.1,29.75,22.9,35.2,11.525,0.915401301518438
24-Jan-2018 08:31:00,10.7,333.333333333333,18.95,31.1,29.75,23,35.6,11.475,0.932461873638344
24-Jan-2018 08:32:00,10.98,333.333333333333,18.95,31.1,29.75,23,36.5166666666667,11.475,0.956862745098039
24-Jan-2018 08:33:00,10.925,333.333333333333,18.8,31.1,29.75,22.9,36.08,11.625,0.939784946236559
24-Jan-2018 08:34:00,11.0666666666667,333.333333333333,18.8,31.1,29.85,23,36.35,11.675,0.947894361170593
24-Jan-2018 08:35:00,10.9833333333333,333.333333333333,18.8,31,30.05,22.9,35.7666666666667,11.725,0.936744847192609
24-Jan-2018 08:36:00,10.45,333.333333333333,18.7,31.1,29.9,22.9,34.4,11.8,0.885593220338983
24-Jan-2018 08:37:00,10.7,333.333333333333,18.7,31.1666666666667,29.75,23,34.8,11.7583333333333,0.909992912827781
24-Jan-2018 08:38:00,11.1,333.333333333333,18.7,31.1,29.8,23,36.25,11.75,0.944680851063829
24-Jan-2018 08:39:00,11.25,333.333333333333,18.7,31.05,29.8,23,36.8,11.725,0.959488272921109
24-Jan-2018 08:40:00,11.35,400,18.8,31.05,29.65,23,37.34,11.55,0.982683982683983
24-Jan-2018 08:41:00,11.2,300,18.9,31.05,29.75,23,37.05,11.5,0.973913043478261
24-Jan-2018 08:42:00,11.025,300,19,31.05,29.75,23,36.85,11.4,0.967105263157895
24-Jan-2018 08:43:00,11.025,300,19,31.15,29.75,23,36.6666666666667,11.45,0.962882096069869
24-Jan-2018 08:44:00,10.8,300,19.1,31.15,29.75,23,36.6666666666667,11.35,0.951541850220265
24-Jan-2018 08:45:00,10.825,300,19.1,31.15,29.6,23,36.7,11.275,0.960088691796009
24-Jan-2018 08:46:00,10.7,300,19.05,31.15,29.7,22.9333333333333,36.2,11.375,0.940659340659341
24-Jan-2018 08:47:00,10.675,300,19.0333333333333,31.15,29.75,22.95,35.94,11.4166666666667,0.935036496350365
24-Jan-2018 08:48:00,10.7,300,19.0333333333333,31.15,29.65,22.9666666666667,35.9,11.3666666666667,0.941348973607038
24-Jan-2018 08:49:00,10.85,300,18.9,31.15,29.7,22.95,36.2,11.525,0.941431670281996
24-Jan-2018 08:50:00,10.9166666666667,300,18.9,31.15,29.75,22.95,36.42,11.55,0.945165945165945
24-Jan-2018 08:51:00,10.775,300,18.9,31.15,29.8,22.9,35.55,11.575,0.930885529157667
24-Jan-2018 08:52:00,10.7,300,18.9,31.05,29.6,23,35.75,11.425,0.936542669584245
24-Jan-2018 08:53:00,10.8,300,18.8,31.05,29.65,22.95,35.9333333333333,11.55,0.935064935064935
24-Jan-2018 08:54:00,10.975,300,18.7,31.05,29.7,22.95,36.32,11.675,0.940042826552462
24-Jan-2018 08:55:00,11.25,400,18.75,31.05,29.6333333333333,22.95,37,11.5916666666667,0.970524802300503
24-Jan-2018 08:56:00,11.175,300,18.75,31.05,29.8,22.95,36.5333333333333,11.675,0.957173447537473
24-Jan-2018 08:57:00,11.025,300,18.75,31.05,29.7,22.95,36.15,11.625,0.948387096774194
24-Jan-2018 08:58:00,11.06,300,18.7666666666667,31.05,29.875,22.9,35.875,11.6958333333333,0.945635910224439
24-Jan-2018 08:59:00,10.675,300,18.74,31.05,29.9,22.9,34.925,11.735,0.909671921602045
24-Jan-2018 09:00:00,10.8,300,18.7666666666667,31.05,29.9,23,35.275,11.7083333333333,0.922419928825623
24-Jan-2018 09:01:00,10.85,300,18.7666666666667,31,30.1,22.95,35.3,11.7833333333333,0.920792079207921
24-Jan-2018 09:02:00,10.5333333333333,300,18.7666666666667,30.85,30.15,22.9,34.6,11.7333333333333,0.897727272727273
24-Jan-2018 09:03:00,10.3,300,18.7666666666667,30.75,30.15,22.9,34.1,11.6833333333333,0.881597717546362
24-Jan-2018 09:04:00,10.46,300,18.7666666666667,30.65,30.0333333333333,22.95,34.625,11.575,0.903671706263499
24-Jan-2018 09:05:00,10.35,300,18.7666666666667,30.65,30.0333333333333,22.95,34.3,11.575,0.894168466522678
24-Jan-2018 09:06:00,10.3,300,18.7,30.65,30.0333333333333,22.95,34.25,11.6416666666667,0.884753042233357
24-Jan-2018 09:07:00,10.4,300,18.7,30.65,30.0333333333333,23,34.4333333333333,11.6416666666667,0.893342877594846
24-Jan-2018 09:08:00,10.56,300,18.7,30.55,29.9,23,35.15,11.525,0.916268980477223
24-Jan-2018 09:09:00,10.4333333333333,300,18.7,30.55,29.85,22.9,34.76,11.5,0.907246376811594
24-Jan-2018 09:10:00,10.4,300,18.7,30.5,29.8,22.9666666666667,34.6,11.45,0.908296943231441
24-Jan-2018 09:11:00,10.35,300,18.7,30.45,29.8,22.95,34.5333333333333,11.425,0.905908096280088
24-Jan-2018 09:12:00,10.42,300,18.7,30.4,29.8,22.95,34.88,11.4,0.914035087719298
24-Jan-2018 09:13:00,10.1,300,18.7,30.4,29.8,22.95,34.05,11.4,0.885964912280702
24-Jan-2018 09:14:00,10.3,300,18.7,30.45,29.8,22.95,34.7333333333333,11.425,0.901531728665208
24-Jan-2018 09:15:00,10.5333333333333,300,18.8,30.5,29.8,22.95,35.6833333333333,11.35,0.928046989720999
24-Jan-2018 09:16:00,10.5666666666667,300,18.8,30.55,29.8,22.95,35.9,11.375,0.928937728937729
24-Jan-2018 09:17:00,10.425,300,18.9,30.4,29.8,22.95,35.3,11.2,0.930803571428571
24-Jan-2018 09:18:00,10.2666666666667,300,18.9,30.5,29.7,22.9333333333333,35,11.2,0.916666666666666
24-Jan-2018 09:19:00,10.46,300,18.8,30.4,29.8,23,35.7666666666667,11.3,0.925663716814159
24-Jan-2018 09:20:00,10.2,300,18.8,30.4,29.75,22.9333333333333,34.75,11.275,0.904656319290466
24-Jan-2018 09:21:00,10.16,300,18.8,30.3333333333333,29.7,22.95,34.525,11.2166666666667,0.905794947994057
24-Jan-2018 09:22:00,10.1333333333333,300,18.7,30.4,29.8,22.95,34.3,11.4,0.888888888888889
24-Jan-2018 09:23:00,9.9,233.333333333333,18.7,30.25,29.7,22.95,33.72,11.275,0.878048780487805
24-Jan-2018 09:24:00,9.8,233.333333333333,18.7,30.3,29.65,22.95,33.26,11.275,0.869179600886918
24-Jan-2018 09:25:00,9.93333333333333,250,18.6,30.2,29.65,22.95,33.44,11.325,0.877115526122149
24-Jan-2018 09:26:00,9.91666666666667,250,18.6,30.2,29.65,22.95,33.55,11.325,0.875643855776306
24-Jan-2018 09:27:00,9.9,250,18.6,30.2,29.6,22.9666666666667,33.55,11.3,0.876106194690266
24-Jan-2018 09:28:00,9.95,250,18.6,30.15,29.6,22.95,33.8,11.275,0.882483370288248
24-Jan-2018 09:29:00,10.1333333333333,300,18.6,30.3,29.65,22.95,34.3166666666667,11.375,0.890842490842491
24-Jan-2018 09:30:00,9.94,250,18.6,30.2,29.65,22.95,33.92,11.325,0.877704194260486
24-Jan-2018 09:31:00,9.94,250,18.6,30.1,29.55,22.95,34.5,11.225,0.885523385300668
24-Jan-2018 09:32:00,10.05,250,18.6,30.2,29.55,22.95,34.45,11.275,0.891352549889135
24-Jan-2018 09:33:00,10.3,250,18.6,30.3,29.55,22.95,34.75,11.325,0.909492273730684
24-Jan-2018 09:34:00,10.2666666666667,250,18.5,30.2333333333333,29.55,22.95,34.675,11.3916666666667,0.901243599122165
24-Jan-2018 09:35:00,10.1,200,18.5,30.25,29.55,22.9,33.95,11.4,0.885964912280702
24-Jan-2018 09:36:00,9.9,200,18.5,30.15,29.5,22.9,33.42,11.325,0.874172185430464
24-Jan-2018 09:37:00,10,250,18.5,30.1,29.55,22.95,33.6333333333333,11.325,0.883002207505518
24-Jan-2018 09:38:00,10.2,300,18.5,30.15,29.55,23,34.15,11.35,0.898678414096916
24-Jan-2018 09:39:00,10.05,200,18.5,30.2,29.55,22.9333333333333,34,11.375,0.883516483516483
24-Jan-2018 09:40:00,10.0333333333333,266.666666666667,18.45,30.2,29.55,23,33.7333333333333,11.425,0.87819110138585
24-Jan-2018 09:41:00,9.95,200,18.45,30.15,29.5666666666667,22.9,33.6,11.4083333333333,0.872169466764061
24-Jan-2018 09:42:00,9.85,200,18.45,30.15,29.5,22.9666666666667,33.2833333333333,11.375,0.865934065934066
24-Jan-2018 09:43:00,10.15,300,18.6,30.1,29.5666666666667,22.9666666666667,34.45,11.2333333333333,0.903560830860534
24-Jan-2018 09:44:00,10.12,300,18.6,30.2,29.55,22.9666666666667,34.4666666666667,11.275,0.897560975609756
24-Jan-2018 09:45:00,9.925,250,18.7,30.1,29.55,22.95,34,11.125,0.892134831460674
24-Jan-2018 09:46:00,10.15,250,18.7,30.2,29.55,22.95,34.85,11.175,0.9082774049217
24-Jan-2018 09:47:00,10.18,250,18.8,30.2,29.65,22.95,34.9714285714286,11.125,0.915056179775281
24-Jan-2018 09:48:00,10.425,250,18.8,30.35,29.65,22.95,35.7,11.2,0.930803571428572
24-Jan-2018 09:49:00,10.55,250,18.9,30.4,29.6,22.95,36.275,11.1,0.95045045045045
24-Jan-2018 09:50:00,10.3,250,18.9,30.35,29.65,22.95,35.65,11.1,0.927927927927928
24-Jan-2018 09:51:00,10.15,250,18.9,30.3,29.6,22.95,35.2,11.05,0.918552036199095
24-Jan-2018 09:52:00,10.4333333333333,250,18.9,30.3,29.65,22.95,36.2,11.075,0.942061700526711
24-Jan-2018 09:53:00,9.96666666666667,250,18.8,30.3,29.65,22.9,34.62,11.175,0.891871737509321
24-Jan-2018 09:54:00,10.2333333333333,250,18.8,30.15,29.55,22.95,35.3333333333333,11.05,0.926093514328808
24-Jan-2018 09:55:00,9.875,250,18.7333333333333,30.1666666666667,29.55,22.95,34.175,11.125,0.887640449438202
24-Jan-2018 09:56:00,9.9,250,18.7333333333333,30.1666666666667,29.55,22.95,33.8666666666667,11.125,0.889887640449438
24-Jan-2018 09:57:00,9.96666666666667,250,18.6,30.3,29.55,22.9666666666667,34.08,11.325,0.880058866813834
24-Jan-2018 09:58:00,10.425,250,18.65,30.2,29.5,22.9666666666667,35.375,11.2,0.930803571428571
24-Jan-2018 09:59:00,10.2666666666667,250,18.65,30.15,29.55,22.9666666666667,35.1,11.2,0.916666666666667
24-Jan-2018 10:00:00,10.4333333333333,250,18.65,30.3,29.6,22.9666666666667,35.42,11.3,0.923303834808259
24-Jan-2018 10:01:00,10.2,250,18.65,30.25,29.6,22.9,35.1,11.275,0.904656319290465
24-Jan-2018 10:02:00,10.1,250,18.7,30.25,29.6,22.95,34.2666666666667,11.225,0.899777282850779
24-Jan-2018 10:03:00,10.24,250,18.65,30.2,29.6,22.95,34.875,11.25,0.910222222222222
24-Jan-2018 10:04:00,10.425,250,18.65,30.25,29.65,23,35.425,11.3,0.922566371681416
24-Jan-2018 10:05:00,10.175,250,18.65,30.3,29.65,22.9,34.64,11.325,0.898454746136865
24-Jan-2018 10:06:00,10.175,250,18.65,30.3,29.7,22.95,34.25,11.35,0.89647577092511
24-Jan-2018 10:07:00,10,200,18.65,30.2,29.6,22.95,33.84,11.25,0.888888888888889
24-Jan-2018 10:08:00,9.83333333333333,250,18.6,30.1,29.5,22.95,33.46,11.2,0.877976190476191
24-Jan-2018 10:09:00,9.66,250,18.6,30.15,29.5,22.95,33,11.225,0.860579064587973
24-Jan-2018 10:10:00,9.74,250,18.5,30.15,29.55,23,33.05,11.35,0.858149779735683
24-Jan-2018 10:11:00,9.8,250,18.5,30.2,29.55,22.9,33.3666666666667,11.375,0.861538461538462
24-Jan-2018 10:12:00,9.75,250,18.5,30.1,29.55,22.9666666666667,33.1,11.325,0.860927152317881
24-Jan-2018 10:13:00,9.83333333333333,300,18.5,30.1,29.55,22.95,33.7,11.325,0.868285504047093
24-Jan-2018 10:14:00,10.025,250,18.5,30.1666666666667,29.55,22.95,34.075,11.3583333333333,0.882611885546588
24-Jan-2018 10:15:00,9.85,233.333333333333,18.5,30.05,29.4,22.9,33.62,11.225,0.87750556792873
24-Jan-2018 10:16:00,9.78,300,18.5,30.1,29.45,22.9666666666667,33.35,11.275,0.86740576496674
24-Jan-2018 10:17:00,10.1,250,18.5,30.1,29.45,22.9666666666667,34.3,11.275,0.895787139689579
24-Jan-2018 10:18:00,10.1,250,18.5,30.2,29.5,22.9666666666667,34.4285714285714,11.35,0.889867841409691
24-Jan-2018 10:19:00,10,250,18.6,30.2,29.5,22.95,34.125,11.25,0.888888888888889
24-Jan-2018 10:20:00,10.2,250,18.7,30.1,29.5,22.95,34.95,11.1,0.918918918918919
24-Jan-2018 10:21:00,10.06,250,18.7,30.15,29.6,22.95,34.54,11.175,0.900223713646532
24-Jan-2018 10:22:00,10.22,250,18.7,30.2,29.6,22.95,34.925,11.2,0.9125
24-Jan-2018 10:23:00,10.2666666666667,250,18.7,30.2666666666667,29.6,22.95,35.36,11.2333333333333,0.913946587537092
24-Jan-2018 10:24:00,10.2,250,18.7,30.25,29.7,22.95,35.025,11.275,0.904656319290466
24-Jan-2018 10:25:00,10.1,250,18.7,30.2,29.6,22.95,34.65,11.2,0.901785714285714
24-Jan-2018 10:26:00,10.0666666666667,200,18.7,30.2,29.55,22.9333333333333,34.5666666666667,11.175,0.900820283370619
24-Jan-2018 10:27:00,10,300,18.7,30.2,29.55,22.9333333333333,34.3,11.175,0.894854586129754
24-Jan-2018 10:28:00,10,300,18.7,30.2,29.55,22.9666666666667,34.25,11.175,0.894854586129754
24-Jan-2018 10:29:00,10.2666666666667,300,18.7,30.25,29.55,22.95,35.08,11.2,0.916666666666667
24-Jan-2018 10:30:00,10.3,300,18.7,30.25,29.5,22.95,35.3,11.175,0.921700223713647
24-Jan-2018 10:31:00,10.25,300,18.7,30.25,29.5,22.95,35.15,11.175,0.917225950782998
24-Jan-2018 10:32:00,10.3,300,18.7,30.15,29.5,22.95,35.25,11.125,0.925842696629214
24-Jan-2018 10:33:00,10.16,300,18.6,30.1,29.45,22.9333333333333,34.92,11.175,0.90917225950783
24-Jan-2018 10:34:00,10.2,300,18.6,30.15,29.45,22.95,34.95,11.2,0.910714285714286
24-Jan-2018 10:35:00,10.1,300,18.6,30.15,29.45,23,34.65,11.2,0.901785714285715
24-Jan-2018 10:36:00,10.2,300,18.6,30.15,29.4,22.95,34.8,11.175,0.912751677852349
24-Jan-2018 10:37:00,10,300,18.6666666666667,30.2,29.5,22.95,34.4,11.1833333333333,0.894187779433681
24-Jan-2018 10:38:00,10.1,250,18.6666666666667,30.15,29.5,22.95,34.7166666666667,11.1583333333333,0.905153099327857
24-Jan-2018 10:39:00,10.175,250,18.6666666666667,30.1,29.45,22.95,35.1,11.1083333333333,0.915978994748687
24-Jan-2018 10:40:00,10.2,250,18.6666666666667,30.2,29.45,22.95,35.04,11.1583333333333,0.91411501120239
24-Jan-2018 10:41:00,10.1,250,18.6666666666667,30.2,29.6,22.95,34.575,11.2333333333333,0.899109792284867
24-Jan-2018 10:42:00,10.25,250,18.6666666666667,30.2,29.6,22.9,34.86,11.2333333333333,0.91246290801187
24-Jan-2018 10:43:00,10.04,250,18.6,30.2,29.6,22.95,34.22,11.3,0.888495575221239
24-Jan-2018 10:44:00,9.9,250,18.65,30.2,29.6,22.95,33.7,11.25,0.88
24-Jan-2018 10:45:00,9.8,200,18.7,30.15,29.6,22.95,33.7,11.175,0.876957494407159
24-Jan-2018 10:46:00,9.9,300,18.7,30.15,29.6,23,33.75,11.175,0.885906040268456
24-Jan-2018 10:47:00,10.2,300,18.7,30.15,29.55,23,34.8,11.15,0.914798206278027
24-Jan-2018 10:48:00,10.32,300,18.7,30.15,29.55,23,35.2166666666667,11.15,0.925560538116592
24-Jan-2018 10:49:00,10.35,300,18.7,30.25,29.55,23,35.35,11.2,0.924107142857143
24-Jan-2018 10:50:00,10.175,300,18.7,30.25,29.5333333333333,23,34.9333333333333,11.1916666666667,0.90915860014892
24-Jan-2018 10:51:00,10.2,300,18.6,30.1,29.5333333333333,22.9,35.18,11.2166666666667,0.909361069836553
24-Jan-2018 10:52:00,10.1,300,18.6,30.15,29.5333333333333,23,34.55,11.2416666666667,0.898443291326909
24-Jan-2018 10:53:00,10.3666666666667,300,18.6,30.05,29.45,23,35.5,11.15,0.929745889387145
24-Jan-2018 10:54:00,10.3,300,18.6,30.2,29.45,23,35.3,11.225,0.917594654788419
24-Jan-2018 10:55:00,10.2333333333333,300,18.7,30.15,29.45,23,35.35,11.1,0.921921921921922
24-Jan-2018 10:56:00,10.425,300,18.7,30.15,29.45,23,35.8,11.1,0.939189189189189
24-Jan-2018 10:57:00,10.375,300,18.8,30.15,29.45,23,35.9833333333333,11,0.943181818181818
24-Jan-2018 10:58:00,10.1,300,18.8,30.1,29.45,22.9,35.24,10.975,0.920273348519362
24-Jan-2018 10:59:00,9.96,300,18.8,30.1,29.45,23,34.7,10.975,0.90751708428246
24-Jan-2018 11:00:00,10,300,18.8,30.1,29.4333333333333,22.9333333333333,34.92,10.9666666666667,0.911854103343465
24-Jan-2018 11:01:00,9.9,300,18.8,30.1,29.5,23,34.52,11,0.9
24-Jan-2018 11:02:00,10.0333333333333,300,18.8,30,29.45,22.95,34.85,10.925,0.918382913806255
24-Jan-2018 11:03:00,9.94,250,18.8,30.15,29.6,22.95,34.44,11.075,0.897516930022573
24-Jan-2018 11:04:00,10.05,250,18.75,30.15,29.55,22.95,34.4666666666667,11.1,0.905405405405405
24-Jan-2018 11:05:00,10.2666666666667,250,18.7333333333333,30.15,29.55,22.95,35.25,11.1166666666667,0.923538230884558
24-Jan-2018 11:06:00,10.1,250,18.7666666666667,30.3,29.55,22.9,34.76,11.1583333333333,0.905153099327856
24-Jan-2018 11:07:00,10.1,250,18.7,30.25,29.55,22.95,34.4333333333333,11.2,0.901785714285714
24-Jan-2018 11:08:00,9.9,200,18.7,30.2333333333333,29.55,22.95,34,11.1916666666667,0.884586746090841
24-Jan-2018 11:09:00,9.8,250,18.7,30.1,29.55,22.95,33.4833333333333,11.125,0.880898876404494
24-Jan-2018 11:10:00,9.6,250,18.6,30.1,29.55,22.95,32.9,11.225,0.855233853006681
24-Jan-2018 11:11:00,9.72,300,18.6,30.15,29.55,23,33.05,11.25,0.864
24-Jan-2018 11:12:00,9.825,233.333333333333,18.5333333333333,30.15,29.55,23,33.5,11.3166666666667,0.868188512518409
24-Jan-2018 11:13:00,9.95,250,18.55,30.15,29.5333333333333,23,33.75,11.2916666666667,0.881180811808118
24-Jan-2018 11:14:00,10.05,300,18.55,30.15,29.5666666666667,23,33.85,11.3083333333333,0.888725128960943
24-Jan-2018 11:15:00,10.0833333333333,250,18.6,30.15,29.5,23,34.4333333333333,11.225,0.898292501855976
24-Jan-2018 11:16:00,10.06,200,18.6,30.15,29.6,23,34.2,11.275,0.892239467849224
24-Jan-2018 11:17:00,10,266.666666666667,18.6,30.2,29.55,22.95,34.24,11.275,0.886917960088692
24-Jan-2018 11:18:00,10.175,266.666666666667,18.6,30.05,29.5333333333333,22.95,34.9,11.1916666666667,0.909158600148921
24-Jan-2018 11:19:00,10.0333333333333,266.666666666667,18.6,30.0666666666667,29.5333333333333,22.9,34.4333333333333,11.2,0.895833333333334
24-Jan-2018 11:20:00,9.9,250,18.6,30.05,29.4333333333333,23,34.025,11.1416666666667,0.888556469708302
24-Jan-2018 11:21:00,10,250,18.6,30.05,29.5,23,34.65,11.175,0.894854586129754
24-Jan-2018 11:22:00,10.3,250,18.6,30.05,29.45,23,35.375,11.15,0.923766816143498
24-Jan-2018 11:23:00,10.3666666666667,250,18.7,30.05,29.45,23,35.72,11.05,0.93815987933635
24-Jan-2018 11:24:00,10.4666666666667,250,18.7,30.2,29.45,23,35.8833333333333,11.125,0.940823970037453
24-Jan-2018 11:25:00,10.4,250,18.7,30.25,29.45,22.95,35.85,11.15,0.932735426008968
24-Jan-2018 11:26:00,10.25,250,18.7,30.15,29.45,22.95,35.45,11.1,0.923423423423424
24-Jan-2018 11:27:00,10.16,250,18.7,30.1333333333333,29.45,22.95,35.2,11.0916666666667,0.916003005259203
24-Jan-2018 11:28:00,10.3,250,18.7,30.1666666666667,29.45,22.95,35.2,11.1083333333333,0.927231807951988
24-Jan-2018 11:29:00,10.54,250,18.7,30.2666666666667,29.45,22.95,36.24,11.1583333333333,0.944585511575803
24-Jan-2018 11:30:00,10.45,250,18.75,30.2666666666667,29.45,22.9,35.98,11.1083333333333,0.940735183795949
24-Jan-2018 11:31:00,10.2166666666667,250,18.75,30.25,29.56,22.95,35.15,11.155,0.91588226505304
24-Jan-2018 11:32:00,10.4,250,18.7666666666667,30.2,29.5333333333333,22.95,35.7666666666667,11.1,0.936936936936937
24-Jan-2018 11:33:00,10.0333333333333,250,18.7333333333333,30.1,29.45,22.9666666666667,34.8857142857143,11.0416666666667,0.908679245283019
24-Jan-2018 11:34:00,10.0333333333333,250,18.7333333333333,30.15,29.45,22.95,34.625,11.0666666666667,0.906626506024097
24-Jan-2018 11:35:00,10.14,250,18.7333333333333,30.05,29.45,22.95,35.3142857142857,11.0166666666667,0.920423600605144
24-Jan-2018 11:36:00,10.0666666666667,250,18.7333333333333,30.05,29.45,22.9333333333333,34.8,11.0166666666667,0.913767019667171
24-Jan-2018 11:37:00,10.1,250,18.7333333333333,30.05,29.45,22.95,34.8,11.0166666666667,0.91679273827534
24-Jan-2018 11:38:00,10,250,18.7333333333333,30.2,29.45,22.9666666666667,34.6,11.0916666666667,0.901577761081893
24-Jan-2018 11:39:00,10.2,250,18.7333333333333,30.2,29.55,22.95,35.02,11.1416666666667,0.915482423335827
24-Jan-2018 11:40:00,10.4,250,18.7333333333333,30.25,29.55,22.95,35.925,11.1666666666667,0.93134328358209
24-Jan-2018 11:41:00,10.3,250,18.75,30.25,29.6,22.95,35.5333333333333,11.175,0.921700223713647
24-Jan-2018 11:42:00,10.2,250,18.75,30.25,29.6,22.95,35.125,11.175,0.912751677852349
24-Jan-2018 11:43:00,10.36,250,18.75,30.3,29.5333333333333,22.95,35.6,11.1666666666667,0.927761194029851
24-Jan-2018 11:44:00,10.2,250,18.75,30.3,29.5666666666667,22.95,35.2,11.1833333333333,0.912071535022355
24-Jan-2018 11:45:00,10.2,250,18.75,30.2333333333333,29.5333333333333,22.95,35.0333333333333,11.1333333333333,0.916167664670659
24-Jan-2018 11:46:00,10.2333333333333,250,18.6,30.2333333333333,29.5333333333333,22.9,35.0333333333333,11.2833333333333,0.906942392909897
24-Jan-2018 11:47:00,10.1,250,18.6,30.15,29.55,22.9,34.2,11.25,0.897777777777778
24-Jan-2018 11:48:00,10.18,250,18.5,30.1,29.4,22.9666666666667,34.8166666666667,11.25,0.904888888888889
24-Jan-2018 11:49:00,10.325,250,18.5,30.05,29.5,22.95,35.15,11.275,0.915742793791575
24-Jan-2018 11:50:00,10.175,250,18.5,30.05,29.5,22.9333333333333,34.74,11.275,0.902439024390244
24-Jan-2018 11:51:00,10.2333333333333,250,18.5,30.2,29.45,22.9666666666667,34.7,11.325,0.903605592347314
24-Jan-2018 11:52:00,10.1333333333333,250,18.5,30.1,29.45,22.9,34.35,11.275,0.898743532889874
24-Jan-2018 11:53:00,10.22,250,18.5,30.2,29.45,23,34.65,11.325,0.90242825607064
24-Jan-2018 11:54:00,10.2666666666667,250,18.6,30.1,29.45,23,34.925,11.175,0.918717375093214
24-Jan-2018 11:55:00,10.4333333333333,250,18.6,30.2,29.4,23,35.775,11.2,0.931547619047619
24-Jan-2018 11:56:00,10.225,250,18.7,30.1,29.5,22.9,34.95,11.1,0.921171171171171
24-Jan-2018 11:57:00,9.9,250,18.8,30.2,29.5,23,34.26,11.05,0.895927601809955
24-Jan-2018 11:58:00,9.9,250,18.8,30.1333333333333,29.5,22.9333333333333,34.3666666666667,11.0166666666667,0.898638426626324
24-Jan-2018 11:59:00,10.025,300,18.8,30.2,29.5,23,34.85,11.05,0.907239819004525
24-Jan-2018 12:00:00,10.08,300,18.8,30.2,29.5,22.95,35.06,11.05,0.912217194570136
24-Jan-2018 12:01:00,10.2333333333333,300,18.8,30.2,29.5,22.95,35.525,11.05,0.926093514328808
24-Jan-2018 12:02:00,10.2333333333333,300,18.8,30.15,29.4,22.95,35.875,10.975,0.932422171602126
24-Jan-2018 12:03:00,9.95,300,18.85,30.15,29.5,22.9,34.75,10.975,0.906605922551253
24-Jan-2018 12:04:00,10.1,300,18.85,30.1,29.5,22.95,35.2,10.95,0.922374429223744
24-Jan-2018 12:05:00,10.1,300,18.85,30.1666666666667,29.5,23,34.9666666666667,10.9833333333333,0.919575113808801
24-Jan-2018 12:06:00,10.3,300,18.85,30.1666666666667,29.5,23,35.7,10.9833333333333,0.937784522003035
24-Jan-2018 12:07:00,10.1333333333333,300,18.75,30.1,29.6,22.9,34.8666666666667,11.1,0.912912912912913
24-Jan-2018 12:08:00,10.075,300,18.7,30.25,29.6,22.95,34.7,11.225,0.897550111358574
24-Jan-2018 12:09:00,10.075,300,18.7,30.25,29.55,22.9666666666667,34.7,11.2,0.899553571428571
24-Jan-2018 12:10:00,10.3,300,18.7,30.2,29.5333333333333,22.9666666666667,35.4,11.1666666666667,0.922388059701493
24-Jan-2018 12:11:00,9.96,300,18.7,30.1333333333333,29.55,22.9,34.3166666666667,11.1416666666667,0.893941660433807
24-Jan-2018 12:12:00,9.7,200,18.7,30.1333333333333,29.55,22.9,33.48,11.1416666666667,0.870605833956619
24-Jan-2018 12:13:00,9.8,200,18.6333333333333,30.1333333333333,29.55,22.9,33.55,11.2083333333333,0.874349442379182
24-Jan-2018 12:14:00,9.61666666666667,200,18.6333333333333,30.05,29.45,23,33.1,11.1166666666667,0.865067466266867
24-Jan-2018 12:15:00,10.025,300,18.6333333333333,30.05,29.4,23,34.44,11.0916666666667,0.903831705484598
24-Jan-2018 12:16:00,10.1333333333333,300,18.6333333333333,30.05,29.4,23,34.9166666666667,11.0916666666667,0.913598797896319
24-Jan-2018 12:17:00,10.3,300,18.6333333333333,30.05,29.4,23,35.5285714285714,11.0916666666667,0.92862509391435
24-Jan-2018 12:18:00,10.3,300,18.6666666666667,30.05,29.4,23,35.5,11.0583333333333,0.931424265259985
24-Jan-2018 12:19:00,10.25,300,18.6666666666667,30.2,29.5,23,35.3333333333333,11.1833333333333,0.916542473919523
24-Jan-2018 12:20:00,10.32,300,18.6666666666667,30.2,29.5,23,35.4,11.1833333333333,0.922801788375559
24-Jan-2018 12:21:00,10.025,300,18.6666666666667,30.1,29.4,22.9,34.92,11.0833333333333,0.904511278195489
24-Jan-2018 12:22:00,10.05,300,18.6,30.0333333333333,29.4,22.95,34.55,11.1166666666667,0.904047976011994
24-Jan-2018 12:23:00,9.9,250,18.6,30.1,29.4,22.95,34.06,11.15,0.887892376681614
24-Jan-2018 12:24:00,10.1333333333333,250,18.5,30.2,29.5,22.9666666666667,34.4333333333333,11.35,0.8928046989721
24-Jan-2018 12:25:00,10,250,18.5,30.05,29.5,22.9333333333333,33.95,11.275,0.886917960088692
24-Jan-2018 12:26:00,10.1,250,18.5,30.15,29.5,23,34.34,11.325,0.891832229580574
24-Jan-2018 12:27:00,10.0666666666667,250,18.5,30.15,29.5,22.95,34.2333333333333,11.325,0.888888888888889
24-Jan-2018 12:28:00,10.28,250,18.5,30.15,29.4,22.95,34.94,11.275,0.911751662971175
24-Jan-2018 12:29:00,10.4333333333333,250,18.5,30.15,29.5,22.95,35.475,11.325,0.921265636497425
24-Jan-2018 12:30:00,10.25,250,18.6,30.15,29.5,22.95,35.0666666666667,11.225,0.913140311804009
24-Jan-2018 12:31:00,10.15,250,18.6,30.1,29.4,22.95,34.9,11.15,0.910313901345291
24-Jan-2018 12:32:00,10.3,250,18.7,30.1,29.4,22.95,35.6,11.05,0.932126696832579
24-Jan-2018 12:33:00,10.04,250,18.7,30.05,29.4,22.9333333333333,34.75,11.025,0.910657596371882
24-Jan-2018 12:34:00,10.175,250,18.8,30.2,29.4666666666667,23,35.1333333333333,11.0333333333333,0.922205438066465
24-Jan-2018 12:35:00,10.1,250,18.8,30.1,29.4666666666667,22.95,35.1,10.9833333333333,0.919575113808801
24-Jan-2018 12:36:00,10.025,250,18.8,30.2,29.4666666666667,22.9333333333333,34.85,11.0333333333333,0.908610271903323
24-Jan-2018 12:37:00,9.95,250,18.8,30.15,29.5666666666667,22.9666666666667,34.45,11.0583333333333,0.899773926149209
24-Jan-2018 12:38:00,10.1,250,18.8,30.15,29.5,22.9333333333333,34.75,11.025,0.91609977324263
24-Jan-2018 12:39:00,9.76666666666667,233.333333333333,18.7,30.15,29.56,22.9333333333333,33.875,11.155,0.87554161063798
24-Jan-2018 12:40:00,9.6,250,18.7,30.1,29.5333333333333,22.9333333333333,33.1,11.1166666666667,0.863568215892054
24-Jan-2018 12:41:00,9.6,250,18.7,30.15,29.5333333333333,22.9333333333333,32.7833333333333,11.1416666666667,0.861630516080778
24-Jan-2018 12:42:00,9.85,300,18.7,30.15,29.5333333333333,23,33.9666666666667,11.1416666666667,0.884068810770382
24-Jan-2018 12:43:00,9.975,300,18.7,30.15,29.5333333333333,23,34.46,11.1416666666667,0.895287958115183
24-Jan-2018 12:44:00,9.9,300,18.7,30.15,29.5333333333333,22.9,34.15,11.1416666666667,0.888556469708302
24-Jan-2018 12:45:00,9.76,240,18.7,30.15,29.5333333333333,22.95,33.6166666666667,11.1416666666667,0.875991024682124
24-Jan-2018 12:46:00,9.95,300,18.64,30.15,29.6,23,34.1,11.235,0.885625278148642
24-Jan-2018 12:47:00,9.85,250,18.64,30.15,29.5,23,33.65,11.185,0.880643719266875
24-Jan-2018 12:48:00,9.96666666666667,200,18.64,30.15,29.5,22.9,34.1333333333333,11.185,0.891074355535687
24-Jan-2018 12:49:00,9.9,300,18.64,30.15,29.5,23,34,11.185,0.885113991953509
24-Jan-2018 12:50:00,9.73333333333333,200,18.64,30.15,29.5,22.9,33.075,11.185,0.870213082998063
24-Jan-2018 12:51:00,9.74,200,18.64,30.2,29.5,22.9666666666667,33.1,11.21,0.868867082961641
24-Jan-2018 12:52:00,9.76666666666667,200,18.5333333333333,30.05,29.4,22.9,33,11.1916666666667,0.872673119880864
24-Jan-2018 12:53:00,9.66666666666667,200,18.5333333333333,30.1,29.5,23,32.9333333333333,11.2666666666667,0.857988165680473
24-Jan-2018 12:54:00,10.0666666666667,300,18.5333333333333,30.15,29.5,23,34.275,11.2916666666667,0.891512915129151
24-Jan-2018 12:55:00,10.1,300,18.5333333333333,30.15,29.5,23,34.25,11.2916666666667,0.894464944649447
24-Jan-2018 12:56:00,10.25,300,18.5333333333333,30.15,29.55,23,34.6,11.3166666666667,0.905743740795287
24-Jan-2018 12:57:00,10.1166666666667,250,18.5333333333333,30.15,29.55,22.95,34.3333333333333,11.3166666666667,0.893961708394698
24-Jan-2018 12:58:00,10.05,250,18.5333333333333,30.15,29.55,22.95,34.2,11.3166666666667,0.888070692194403
24-Jan-2018 12:59:00,10.1,250,18.55,30.2,29.55,22.95,34.45,11.325,0.891832229580574
24-Jan-2018 13:00:00,10.025,200,18.56,30.1,29.55,22.9,33.625,11.265,0.889924545051043
24-Jan-2018 13:01:00,9.9,266.666666666667,18.54,30.1,29.55,22.96,33.75,11.285,0.877270713336287
24-Jan-2018 13:02:00,9.9,266.666666666667,18.5666666666667,30.1,29.55,22.96,33.75,11.2583333333333,0.879348630643967
24-Jan-2018 13:03:00,10,250,18.5666666666667,30.2,29.55,22.95,34.125,11.3083333333333,0.884303610906411
24-Jan-2018 13:04:00,10.1166666666667,250,18.5666666666667,30.15,29.55,22.95,34.4833333333333,11.2833333333333,0.896602658788774
24-Jan-2018 13:05:00,10.0333333333333,200,18.5666666666667,30.1,29.55,22.9,34.36,11.2583333333333,0.891191709844559
24-Jan-2018 13:06:00,10.14,300,18.6,30.1,29.5,23,34.825,11.2,0.905357142857143
24-Jan-2018 13:07:00,10.2,300,18.6,30.1,29.5,23,34.9666666666667,11.2,0.910714285714286
24-Jan-2018 13:08:00,10.1333333333333,300,18.6,30.1,29.5,22.95,34.62,11.2,0.904761904761905
24-Jan-2018 13:09:00,10.22,300,18.6,30.2,29.45,22.95,34.6,11.225,0.910467706013363
24-Jan-2018 13:10:00,10.25,300,18.7,30.2,29.45,23,35.075,11.125,0.921348314606742
24-Jan-2018 13:11:00,10.125,300,18.7,30.15,29.5666666666667,22.95,34.8,11.1583333333333,0.90739357729649
24-Jan-2018 13:12:00,9.92,250,18.7,30.1,29.5,22.9333333333333,34.18,11.1,0.893693693693694
24-Jan-2018 13:13:00,9.8,200,18.7,30.1,29.55,22.9333333333333,33.84,11.125,0.880898876404494
24-Jan-2018 13:14:00,9.75,200,18.7,30.1,29.55,22.95,33.65,11.125,0.876404494382022
24-Jan-2018 13:15:00,9.7,250,18.7,30.05,29.55,22.95,33.42,11.1,0.873873873873874
24-Jan-2018 13:16:00,9.63333333333333,250,18.7,30.05,29.55,22.95,33.25,11.1,0.867867867867868
24-Jan-2018 13:17:00,9.725,300,18.7,30.05,29.55,23,33.5,11.1,0.876126126126126
24-Jan-2018 13:18:00,9.73333333333333,233.333333333333,18.7,30.05,29.55,22.9,33.6,11.1,0.876876876876877
24-Jan-2018 13:19:00,9.96666666666667,300,18.7,30.1,29.5,23,34.2428571428571,11.1,0.897897897897898
24-Jan-2018 13:20:00,9.72,200,18.7,30.05,29.5,22.95,33.42,11.075,0.87765237020316
24-Jan-2018 13:21:00,9.8,200,18.6,30.1,29.55,22.9666666666667,33.55,11.225,0.873051224944321
24-Jan-2018 13:22:00,10.0333333333333,300,18.6,30.1666666666667,29.55,22.9666666666667,34.3,11.2583333333333,0.89119170984456
24-Jan-2018 13:23:00,9.93333333333333,233.333333333333,18.6,30.1,29.5666666666667,22.9666666666667,33.85,11.2333333333333,0.884272997032641
24-Jan-2018 13:24:00,9.9,233.333333333333,18.5,30.2,29.55,22.95,33.5,11.375,0.87032967032967
24-Jan-2018 13:25:00,10.175,300,18.5,30.2,29.55,22.95,34.25,11.375,0.894505494505494
24-Jan-2018 13:26:00,10.32,300,18.4,30.1,29.5,22.95,34.6333333333333,11.4,0.905263157894737
24-Jan-2018 13:27:00,10.0166666666667,240,18.4,30.05,29.4,22.9333333333333,33.85,11.325,0.884473877851361
24-Jan-2018 13:28:00,10.0666666666667,266.666666666667,18.4,30.05,29.5,22.9666666666667,33.75,11.375,0.884981684981685
24-Jan-2018 13:29:00,10,250,18.4,30.05,29.45,22.95,33.62,11.35,0.881057268722467
24-Jan-2018 13:30:00,10.1857142857143,250,18.4,30.05,29.45,22.95,34.15,11.35,0.897419760855884
24-Jan-2018 13:31:00,10,250,18.4,30.05,29.45,22.95,33.65,11.35,0.881057268722467
24-Jan-2018 13:32:00,10.0333333333333,250,18.5,30.05,29.4333333333333,22.95,34.2,11.2416666666667,0.892512972572276
24-Jan-2018 13:33:00,10.175,250,18.5,30.05,29.45,22.95,34.7,11.25,0.904444444444444
24-Jan-2018 13:34:00,9.95,250,18.55,30.15,29.5,22.95,33.9,11.275,0.882483370288248
24-Jan-2018 13:35:00,10.1,250,18.6,30.1666666666667,29.5,22.95,34.3666666666667,11.2333333333333,0.899109792284866
24-Jan-2018 13:36:00,10.1,250,18.6,30.1,29.5,22.95,34.45,11.2,0.901785714285714
24-Jan-2018 13:37:00,10,250,18.7,30.1,29.5,22.95,34.54,11.1,0.900900900900901
24-Jan-2018 13:38:00,9.925,250,18.7,30.1,29.5,22.95,34.3,11.1,0.894144144144144
24-Jan-2018 13:39:00,10,250,18.8,30.05,29.5,22.95,35.2,10.975,0.911161731207289
24-Jan-2018 13:40:00,10.0666666666667,250,18.8,30.2,29.5,22.95,35.0333333333333,11.05,0.911010558069381
24-Jan-2018 13:41:00,10.28,250,18.9,30.2,29.5,22.95,35.8333333333333,10.95,0.938812785388128
24-Jan-2018 13:42:00,10.22,250,18.8,30.2,29.5,22.95,35.54,11.05,0.924886877828054
24-Jan-2018 13:43:00,10.1,250,18.8,30.2,29.55,22.9,35.275,11.075,0.91196388261851
24-Jan-2018 13:44:00,9.9,250,18.7,30.2,29.5666666666667,22.9,34.32,11.1833333333333,0.885245901639344
24-Jan-2018 13:45:00,9.75,200,18.7,30.05,29.5,22.9,33.65,11.075,0.880361173814898
24-Jan-2018 13:46:00,9.85,250,18.6,30.05,29.55,22.9,33.85,11.2,0.879464285714286
24-Jan-2018 13:47:00,9.85,250,18.5,30.05,29.55,22.9,33.68,11.3,0.871681415929203
24-Jan-2018 13:48:00,9.7,250,18.5,30,29.55,22.9,33.0166666666667,11.275,0.860310421286031
24-Jan-2018 13:49:00,9.8,250,18.5,30.1,29.55,22.95,32.8666666666667,11.325,0.865342163355408
24-Jan-2018 13:50:00,9.75,250,18.5,30.1,29.55,22.95,33.2714285714286,11.325,0.860927152317881
24-Jan-2018 13:51:00,9.94,266.666666666667,18.5,30.05,29.4333333333333,23,33.95,11.2416666666667,0.88421052631579
24-Jan-2018 13:52:00,10.1,266.666666666667,18.5,30.05,29.5,23,34.4,11.275,0.895787139689579
24-Jan-2018 13:53:00,10.1,300,18.5,30.1,29.5,23,34.45,11.3,0.893805309734513
24-Jan-2018 13:54:00,10.325,300,18.5666666666667,30.2,29.5,23,35.2,11.2833333333333,0.91506646971935
24-Jan-2018 13:55:00,10.4,300,18.5666666666667,30.2,29.5,23,35.35,11.2833333333333,0.921713441654357
24-Jan-2018 13:56:00,10.2333333333333,300,18.5666666666667,30.25,29.5,22.95,35.04,11.3083333333333,0.904937361827561
24-Jan-2018 13:57:00,10.3,300,18.7,30.15,29.55,22.95,35.2,11.15,0.923766816143498
24-Jan-2018 13:58:00,10.225,300,18.7,30.2,29.55,23,35.075,11.175,0.914988814317673
24-Jan-2018 13:59:00,10,300,18.75,30.1,29.5333333333333,22.95,34.62,11.0666666666667,0.903614457831325
24-Jan-2018 14:00:00,10.1833333333333,300,18.75,30.2,29.55,22.9666666666667,35.1,11.125,0.915355805243446
24-Jan-2018 14:01:00,10.075,300,18.75,30.1,29.55,22.9666666666667,34.975,11.075,0.909706546275395
24-Jan-2018 14:02:00,10,300,18.8,30.2,29.5,22.95,34.75,11.05,0.904977375565611
24-Jan-2018 14:03:00,10.3,300,18.8,30.2666666666667,29.5666666666667,22.95,35.58,11.1166666666667,0.926536731634183
24-Jan-2018 14:04:00,10.15,300,18.8,30.2,29.5,22.95,35.6333333333333,11.05,0.918552036199095
24-Jan-2018 14:05:00,10.1166666666667,300,18.8,30.1,29.4,22.9,35.2166666666667,10.95,0.923896499238965
24-Jan-2018 14:06:00,10.075,300,18.8,30.1,29.45,22.9666666666667,35.05,10.975,0.917995444191344
24-Jan-2018 14:07:00,9.85,300,18.75,30.05,29.5,22.9,34.35,11.025,0.893424036281179
24-Jan-2018 14:08:00,9.93333333333333,300,18.7,30,29.5,22.95,34.5428571428571,11.05,0.89894419306184
24-Jan-2018 14:09:00,9.95,300,18.7,30.15,29.5,22.95,34.425,11.125,0.89438202247191
24-Jan-2018 14:10:00,10.1,300,18.7,30.15,29.5,23,34.85,11.125,0.907865168539326
24-Jan-2018 14:11:00,10.36,300,18.7,30.3,29.55,23,35.58,11.225,0.92293986636971
24-Jan-2018 14:12:00,10.4,300,18.7,30.2,29.5333333333333,23,35.65,11.1666666666667,0.93134328358209
24-Jan-2018 14:13:00,10.375,300,18.7,30.3,29.55,23,35.7666666666667,11.225,0.924276169265033
24-Jan-2018 14:14:00,10,300,18.7,30.3,29.6,22.9,34.5333333333333,11.25,0.888888888888889
24-Jan-2018 14:15:00,10.0666666666667,300,18.7,30.25,29.55,22.95,34.55,11.2,0.898809523809524
24-Jan-2018 14:16:00,10.075,250,18.7,30.2,29.55,22.96,34.475,11.175,0.901565995525727
24-Jan-2018 14:17:00,10.1,250,18.7,30.2,29.5333333333333,22.95,34.675,11.1666666666667,0.904477611940298
24-Jan-2018 14:18:00,10.1,250,18.7,30.2,29.55,22.9333333333333,34.5,11.175,0.903803131991051
24-Jan-2018 14:19:00,9.9,250,18.6333333333333,30.1,29.55,22.95,33.9,11.1916666666667,0.884586746090841
24-Jan-2018 14:20:00,9.95,250,18.6333333333333,30.1,29.55,23,34.15,11.1916666666667,0.889054355919583
24-Jan-2018 14:21:00,10.1666666666667,250,18.6333333333333,30.1,29.55,23,34.7333333333333,11.1916666666667,0.908413998510796
24-Jan-2018 14:22:00,10,250,18.6333333333333,30.2,29.5666666666667,22.9,34,11.25,0.888888888888889
24-Jan-2018 14:23:00,9.98,240,18.6333333333333,30.1333333333333,29.55,22.95,33.8428571428571,11.2083333333333,0.890408921933085
24-Jan-2018 14:24:00,9.825,300,18.6333333333333,30.2,29.5,23,33.5333333333333,11.2166666666667,0.87592867756315
24-Jan-2018 14:25:00,9.9,300,18.6333333333333,30.1,29.5,22.95,33.5333333333333,11.1666666666667,0.886567164179104
24-Jan-2018 14:26:00,10.125,300,18.6333333333333,30.2,29.5,22.95,34.4,11.2166666666667,0.902674591381872
24-Jan-2018 14:27:00,10.2666666666667,300,18.6333333333333,30.2,29.5666666666667,22.95,35,11.25,0.912592592592593
24-Jan-2018 14:28:00,10.24,300,18.7,30.25,29.5666666666667,22.95,34.8333333333333,11.2083333333333,0.91360594795539
24-Jan-2018 14:29:00,10.08,300,18.6333333333333,30.15,29.5666666666667,22.95,34.25,11.225,0.897995545657015
24-Jan-2018 14:30:00,10.45,300,18.6333333333333,30.3,29.5,22.95,35.4,11.2666666666667,0.927514792899408
24-Jan-2018 14:31:00,10.3,300,18.6333333333333,30.1666666666667,29.55,22.9,35.38,11.225,0.917594654788419
24-Jan-2018 14:32:00,10.125,300,18.6333333333333,30.15,29.55,22.95,34.34,11.2166666666667,0.902674591381872
24-Jan-2018 14:33:00,10.1666666666667,250,18.5,30.15,29.6,23,34.16,11.375,0.893772893772894
24-Jan-2018 14:34:00,10.2666666666667,250,18.5,30.15,29.5333333333333,22.95,34.7666666666667,11.3416666666667,0.90521675238795
24-Jan-2018 14:35:00,10.2,250,18.5,30.05,29.45,22.9,34.6,11.25,0.906666666666667
24-Jan-2018 14:36:00,10.25,300,18.5,30.05,29.5,23,34.9333333333333,11.275,0.909090909090909
24-Jan-2018 14:37:00,10.1666666666667,300,18.5,30.15,29.5,22.95,34.5333333333333,11.325,0.897718910963944
24-Jan-2018 14:38:00,10.275,300,18.5666666666667,30.15,29.5,22.95,35.08,11.2583333333333,0.912657290895633
24-Jan-2018 14:39:00,10.0666666666667,200,18.5666666666667,30.15,29.5,22.9333333333333,34.4666666666667,11.2583333333333,0.894152479644708
24-Jan-2018 14:40:00,9.9,250,18.5666666666667,30.15,29.5,22.9333333333333,33.72,11.2583333333333,0.879348630643968
24-Jan-2018 14:41:00,10.0333333333333,260,18.5666666666667,30.15,29.5,22.9666666666667,34.18,11.2583333333333,0.89119170984456
24-Jan-2018 14:42:00,10.125,260,18.7,30.2,29.5,22.9666666666667,34.725,11.15,0.908071748878924
24-Jan-2018 14:43:00,9.95,260,18.7,30.1,29.5,22.9,33.9,11.1,0.896396396396396
24-Jan-2018 14:44:00,9.96666666666667,260,18.7,30.2,29.5,22.95,34.44,11.15,0.893871449925261
24-Jan-2018 14:45:00,10,260,18.7666666666667,30.2,29.55,23,34.6,11.1083333333333,0.900225056264066
24-Jan-2018 14:46:00,10,260,18.7666666666667,30.2,29.6,23,34.6,11.1333333333333,0.898203592814371
24-Jan-2018 14:47:00,10.025,260,18.7666666666667,30.2,29.55,23,34.675,11.1083333333333,0.902475618904726
24-Jan-2018 14:48:00,9.73333333333333,200,18.7666666666667,30.1,29.55,22.9,33.85,11.0583333333333,0.880180859080633
24-Jan-2018 14:49:00,9.63333333333333,200,18.7666666666667,30.1666666666667,29.55,22.9,33.2666666666667,11.0916666666667,0.868519909842224
24-Jan-2018 14:50:00,9.7,300,18.7333333333333,30.1,29.55,23,33.5,11.0916666666667,0.874530428249436
24-Jan-2018 14:51:00,9.7,200,18.7333333333333,30.1,29.55,22.95,33.6,11.0916666666667,0.874530428249436
24-Jan-2018 14:52:00,9.81666666666666,250,18.7333333333333,30.2,29.55,22.9,33.75,11.1416666666667,0.881077038145101
24-Jan-2018 14:53:00,9.68,250,18.7333333333333,30.1,29.55,23,33.1333333333333,11.0916666666667,0.872727272727273
24-Jan-2018 14:54:00,9.7,250,18.6,30.2,29.55,22.95,33.2,11.275,0.860310421286031
24-Jan-2018 14:55:00,9.725,300,18.6,30.1,29.5,22.95,33.42,11.2,0.868303571428571
24-Jan-2018 14:56:00,10.1,300,18.6,30.2,29.5,22.95,34.4,11.25,0.897777777777778
24-Jan-2018 14:57:00,10.0666666666667,200,18.6,30.1333333333333,29.55,22.9,34.325,11.2416666666667,0.895478131949592
24-Jan-2018 14:58:00,10,266.666666666667,18.6,30.15,29.55,23,33.975,11.25,0.888888888888889
24-Jan-2018 14:59:00,9.96666666666667,250,18.55,30.15,29.6,23,34,11.325,0.880058866813834
24-Jan-2018 15:00:00,10.05,250,18.5,30,29.5,23,34.25,11.25,0.893333333333333
24-Jan-2018 15:01:00,9.96,250,18.55,30,29.35,22.95,34.32,11.125,0.895280898876404
24-Jan-2018 15:02:00,10.25,250,18.5666666666667,29.9,29.2,22.95,35.7,10.9833333333333,0.933232169954477
24-Jan-2018 15:03:00,9.93333333333333,250,18.5666666666667,29.8,29.05,22.9,35.075,10.8583333333333,0.91481197237145
24-Jan-2018 15:04:00,9.75,250,18.5666666666667,29.85,28.8666666666667,22.95,34.65,10.7916666666667,0.903474903474903
24-Jan-2018 15:05:00,9.6,250,18.5333333333333,29.7,28.8,22.95,34.35,10.7166666666667,0.895800933125972
24-Jan-2018 15:06:00,9.52,250,18.55,29.6333333333333,28.7333333333333,22.95,34.325,10.6333333333333,0.895297805642633
24-Jan-2018 15:07:00,9.4,250,18.55,29.6333333333333,28.6,22.95,34.0333333333333,10.5666666666667,0.889589905362776
24-Jan-2018 15:08:00,9.3,240,18.55,29.5,28.5,22.9666666666667,34.06,10.45,0.889952153110048
24-Jan-2018 15:09:00,9.13333333333333,250,18.55,29.4,28.4,22.9333333333333,33.7333333333333,10.35,0.882447665056361
24-Jan-2018 15:10:00,9.2,300,18.55,29.45,28.4,22.95,33.65,10.375,0.886746987951808
24-Jan-2018 15:11:00,9.3,300,18.55,29.45,28.35,23,34.6333333333333,10.35,0.898550724637681
24-Jan-2018 15:12:00,9.34,300,18.55,29.3,28.3,23,34.8166666666667,10.25,0.911219512195122
24-Jan-2018 15:13:00,9.2,300,18.5666666666667,29.3,28.2333333333333,23,34.55,10.2,0.901960784313726
24-Jan-2018 15:14:00,9.2,300,18.5666666666667,29.3,28.2666666666667,23,34.58,10.2166666666667,0.900489396411093
24-Jan-2018 15:15:00,9.2,300,18.5666666666667,29.25,28.2,23,34.65,10.1583333333333,0.90566037735849
24-Jan-2018 15:16:00,9.05,300,18.5666666666667,29.25,28.2,22.95,34.2,10.1583333333333,0.890894175553733
24-Jan-2018 15:17:00,9.05,300,18.5,29.2,28.2,22.95,34.2,10.2,0.887254901960784
24-Jan-2018 15:18:00,9.18571428571429,300,18.5,29.2,28.15,22.95,34.6714285714286,10.175,0.902772902772903
24-Jan-2018 15:19:00,9.2,300,18.5,29.2,28.1,22.95,34.8333333333333,10.15,0.9064039408867
24-Jan-2018 15:20:00,9.175,300,18.5,29.1,28.1,22.95,34.7333333333333,10.1,0.908415841584158
24-Jan-2018 15:21:00,9,300,18.5,29.1,28.1,22.9333333333333,34.16,10.1,0.891089108910891
24-Jan-2018 15:22:00,8.9,200,18.5,29.1,28,22.9333333333333,33.8,10.05,0.885572139303483
24-Jan-2018 15:23:00,9,300,18.5,29.1,28.1,22.9666666666667,33.85,10.1,0.891089108910891
24-Jan-2018 15:24:00,8.925,250,18.4,29.05,28,22.95,33.84,10.125,0.881481481481482
24-Jan-2018 15:25:00,8.95,250,18.4,29.05,28,22.95,33.75,10.125,0.883950617283951
24-Jan-2018 15:26:00,8.93333333333333,233.333333333333,18.4,29,28.05,22.9333333333333,33.6333333333333,10.125,0.882304526748971
24-Jan-2018 15:27:00,8.8,233.333333333333,18.3,29.05,28.05,22.9333333333333,33.25,10.25,0.858536585365854
24-Jan-2018 15:28:00,8.75,233.333333333333,18.3,29.05,28.05,23,33,10.25,0.853658536585366
24-Jan-2018 15:29:00,8.85,300,18.3,28.9333333333333,27.9,22.95,33.75,10.1166666666667,0.874794069192752
24-Jan-2018 15:30:00,9.1,300,18.4,28.95,27.95,22.95,34.45,10.05,0.90547263681592
24-Jan-2018 15:31:00,9.1,300,18.5,28.95,27.95,22.95,35.05,9.95,0.914572864321608
24-Jan-2018 15:32:00,8.9,300,18.5,28.95,27.95,22.95,34.6333333333333,9.95,0.894472361809045
24-Jan-2018 15:33:00,8.75,250,18.55,28.95,27.8,22.95,34.05,9.825,0.89058524173028
24-Jan-2018 15:34:00,8.85,250,18.55,28.85,27.8,22.95,34.55,9.775,0.90537084398977
24-Jan-2018 15:35:00,8.8,250,18.55,28.8,27.8,22.95,34.55,9.75,0.902564102564103
24-Jan-2018 15:36:00,8.83333333333333,250,18.55,28.8666666666667,27.8,22.95,34.7,9.78333333333333,0.902896081771721
24-Jan-2018 15:37:00,8.85,250,18.55,28.8,27.8,22.95,34.65,9.75,0.907692307692308
24-Jan-2018 15:38:00,8.85,250,18.55,28.8,27.8,22.95,34.5,9.75,0.907692307692308
24-Jan-2018 15:39:00,8.7,200,18.55,28.8,27.8,22.9,34.16,9.75,0.892307692307692
24-Jan-2018 15:40:00,8.56666666666667,250,18.55,28.8,27.8,22.9,33.6,9.75,0.878632478632479
24-Jan-2018 15:41:00,8.7,300,18.55,28.8,27.75,22.9666666666667,33.7,9.725,0.894601542416453
24-Jan-2018 15:42:00,8.8,300,18.55,28.8,27.75,22.9666666666667,34.4,9.725,0.904884318766067
24-Jan-2018 15:43:00,8.8,300,18.4,28.8,27.75,22.9666666666667,34,9.875,0.891139240506329
24-Jan-2018 15:44:00,8.8,300,18.4,28.7,27.75,22.9666666666667,34.2666666666667,9.825,0.895674300254453
24-Jan-2018 15:45:00,8.85,300,18.4,28.75,27.75,22.9666666666667,34.35,9.85,0.898477157360406
24-Jan-2018 15:46:00,8.7,300,18.4,28.8,27.7,22.9666666666667,34.35,9.85,0.883248730964467
24-Jan-2018 15:47:00,8.75,300,18.4,28.7,27.75,22.95,34.35,9.825,0.89058524173028
24-Jan-2018 15:48:00,8.8,300,18.4,28.75,27.75,22.9,34.35,9.85,0.893401015228426
24-Jan-2018 15:49:00,8.65,250,18.4,28.75,27.8,22.96,33.8,9.875,0.875949367088607
24-Jan-2018 15:50:00,8.75,250,18.4,28.75,27.7,22.96,33.8,9.825,0.89058524173028
24-Jan-2018 15:51:00,8.8,250,18.4,28.75,27.7,22.96,34.35,9.825,0.895674300254453
24-Jan-2018 15:52:00,8.675,233.333333333333,18.4,28.75,27.7,22.95,33.6666666666667,9.825,0.88295165394402
24-Jan-2018 15:53:00,8.7,266.666666666667,18.4,28.75,27.7,22.95,33.8333333333333,9.825,0.885496183206107
24-Jan-2018 15:54:00,8.63333333333333,233.333333333333,18.4,28.75,27.7,22.95,33.6,9.825,0.878710771840543
24-Jan-2018 15:55:00,8.7,300,18.4,28.75,27.7666666666667,22.95,33.9,9.85833333333333,0.882502113271344
24-Jan-2018 15:56:00,8.92,300,18.4,28.75,27.7,22.95,34.7,9.825,0.907888040712468
24-Jan-2018 15:57:00,8.75,300,18.4,28.75,27.7,22.95,34.1,9.825,0.89058524173028
24-Jan-2018 15:58:00,8.76666666666667,300,18.4,28.75,27.7,22.95,34.1,9.825,0.892281594571671
24-Jan-2018 15:59:00,8.65,233.333333333333,18.4,28.75,27.7,22.95,33.7666666666667,9.825,0.880407124681933
24-Jan-2018 16:00:00,8.7,300,18.4,28.75,27.75,22.95,34.1,9.85,0.883248730964467
24-Jan-2018 16:01:00,8.6,250,18.4,28.65,27.75,22.95,33.85,9.8,0.877551020408163
24-Jan-2018 16:02:00,8.65,250,18.4,28.65,27.75,22.95,33.9,9.8,0.88265306122449
24-Jan-2018 16:03:00,8.6,250,18.5,28.65,27.75,22.95,33.9,9.7,0.88659793814433
24-Jan-2018 16:04:00,8.65,250,18.5,28.6,27.75,22.95,34.25,9.675,0.894056847545219
24-Jan-2018 16:05:00,8.54,240,18.5,28.7,27.75,22.95,33.7,9.725,0.878149100257069
24-Jan-2018 16:06:00,8.56666666666667,266.666666666667,18.5,28.6333333333333,27.75,22.95,33.8,9.69166666666667,0.883920894239037
24-Jan-2018 16:07:00,8.56666666666667,266.666666666667,18.5,28.65,27.65,22.95,33.8,9.65,0.887737478411054
24-Jan-2018 16:08:00,8.725,266.666666666667,18.5,28.65,27.65,22.95,34.54,9.65,0.904145077720207
24-Jan-2018 16:09:00,8.75,266.666666666667,18.5,28.6666666666667,27.65,22.95,34.75,9.65833333333333,0.90595340811044
24-Jan-2018 16:10:00,8.7,266.666666666667,18.5,28.6,27.6,22.95,34.65,9.6,0.90625
24-Jan-2018 16:11:00,8.56666666666667,266.666666666667,18.5,28.6,27.7,22.9,34.0666666666667,9.65,0.887737478411054
24-Jan-2018 16:12:00,8.56666666666667,200,18.5,28.6,27.7,22.9,33.7,9.65,0.887737478411054
24-Jan-2018 16:13:00,8.56666666666667,266.666666666667,18.5,28.6,27.65,23,33.8333333333333,9.625,0.89004329004329
24-Jan-2018 16:14:00,8.65,266.666666666667,18.5,28.6,27.65,23,34.25,9.625,0.898701298701299
24-Jan-2018 16:15:00,8.5,200,18.5,28.7,27.65,23,33.5,9.675,0.878552971576228
24-Jan-2018 16:16:00,8.6,300,18.5,28.6333333333333,27.65,22.95,34,9.64166666666667,0.891961970613656
24-Jan-2018 16:17:00,8.55,250,18.4,28.6333333333333,27.65,22.9,33.75,9.74166666666667,0.877673224978614
24-Jan-2018 16:18:00,8.64,250,18.4,28.6333333333333,27.65,23,33.92,9.74166666666667,0.886911890504705
24-Jan-2018 16:19:00,8.8,250,18.3,28.6333333333333,27.65,23,34.4,9.84166666666667,0.89415749364945
24-Jan-2018 16:20:00,8.85,250,18.3,28.65,27.65,23,34.5,9.85,0.898477157360406
24-Jan-2018 16:21:00,8.85,250,18.3,28.65,27.65,23,34.55,9.85,0.898477157360406
24-Jan-2018 16:22:00,8.76666666666667,200,18.4,28.65,27.65,22.9,34.15,9.75,0.899145299145299
24-Jan-2018 16:23:00,8.5,200,18.4,28.65,27.65,22.95,33.55,9.75,0.871794871794872
24-Jan-2018 16:24:00,8.6,300,18.4,28.65,27.6333333333333,22.9666666666667,33.9,9.74166666666667,0.882805816937553
24-Jan-2018 16:25:00,8.66,300,18.4,28.65,27.65,22.9666666666667,34.3,9.75,0.888205128205128
24-Jan-2018 16:26:00,8.55,233.333333333333,18.4,28.65,27.6666666666667,22.9,33.75,9.75833333333333,0.876174210076857
24-Jan-2018 16:27:00,8.6,300,18.4,28.65,27.6,22.9666666666667,33.65,9.725,0.884318766066838
24-Jan-2018 16:28:00,8.5,200,18.3,28.65,27.65,22.95,33.3,9.85,0.862944162436548
24-Jan-2018 16:29:00,8.6,200,18.3,28.65,27.6666666666667,22.95,33.5,9.85833333333333,0.872358410819949
24-Jan-2018 16:30:00,8.7,250,18.3,28.65,27.6,22.95,34,9.825,0.885496183206107
24-Jan-2018 16:31:00,8.75,300,18.3,28.65,27.6,22.95,34.35,9.825,0.89058524173028
24-Jan-2018 16:32:00,8.73333333333333,300,18.4,28.65,27.65,22.95,34.38,9.75,0.895726495726496
24-Jan-2018 16:33:00,8.75,300,18.4,28.65,27.65,22.95,34.45,9.75,0.897435897435897
24-Jan-2018 16:34:00,8.56666666666667,233.333333333333,18.4,28.65,27.65,22.95,33.8333333333333,9.75,0.878632478632479
24-Jan-2018 16:35:00,8.56666666666667,266.666666666667,18.5,28.65,27.65,22.95,33.9333333333333,9.65,0.887737478411054
24-Jan-2018 16:36:00,8.45,200,18.5,28.65,27.65,22.95,33.75,9.65,0.875647668393782
24-Jan-2018 16:37:00,8.45,250,18.5,28.65,27.65,22.95,33.75,9.65,0.875647668393782
24-Jan-2018 16:38:00,8.53333333333333,300,18.5,28.65,27.65,22.95,34.1666666666667,9.65,0.884283246977548
24-Jan-2018 16:39:00,8.43333333333333,300,18.6,28.65,27.65,22.95,34.1666666666667,9.55,0.883071553228621
24-Jan-2018 16:40:00,8.3,200,18.6,28.65,27.65,22.9,33.45,9.55,0.869109947643979
24-Jan-2018 16:41:00,8.45,200,18.5,28.65,27.65,22.9666666666667,33.55,9.65,0.875647668393782
24-Jan-2018 16:42:00,8.55,266.666666666667,18.5,28.65,27.65,22.9666666666667,34.14,9.65,0.886010362694301
24-Jan-2018 16:43:00,8.56,266.666666666667,18.5,28.65,27.65,22.9666666666667,34.26,9.65,0.887046632124353
24-Jan-2018 16:44:00,8.6,266.666666666667,18.5,28.65,27.65,22.9666666666667,34.1,9.65,0.89119170984456
24-Jan-2018 16:45:00,8.58,266.666666666667,18.5,28.65,27.65,22.9666666666667,34.3,9.65,0.889119170984456
24-Jan-2018 16:46:00,8.6,250,18.5,28.65,27.65,22.9666666666667,34.2,9.65,0.89119170984456
24-Jan-2018 16:47:00,8.6,250,18.45,28.65,27.65,22.9666666666667,34.2,9.7,0.88659793814433
24-Jan-2018 16:48:00,8.55,250,18.4,28.65,27.65,22.95,33.85,9.75,0.876923076923077
24-Jan-2018 16:49:00,8.55,250,18.4,28.65,27.65,22.9,33.775,9.75,0.876923076923077
24-Jan-2018 16:50:00,8.55,250,18.4,28.65,27.65,23,33.7333333333333,9.75,0.876923076923077
24-Jan-2018 16:51:00,8.7,250,18.4,28.65,27.65,23,34.3333333333333,9.75,0.892307692307692
24-Jan-2018 16:52:00,8.7,250,18.4,28.65,27.65,23,34.4,9.75,0.892307692307692
24-Jan-2018 16:53:00,8.72,250,18.4,28.65,27.65,22.95,34.45,9.75,0.894358974358974
24-Jan-2018 16:54:00,8.56666666666667,233.333333333333,18.4,28.65,27.65,22.94,33.8,9.75,0.878632478632479
24-Jan-2018 16:55:00,8.6,300,18.45,28.65,27.65,23,33.75,9.7,0.88659793814433
24-Jan-2018 16:56:00,8.55,250,18.45,28.65,27.65,23,34,9.7,0.881443298969072
24-Jan-2018 16:57:00,8.65,250,18.45,28.65,27.65,23,34.25,9.7,0.891752577319588
24-Jan-2018 16:58:00,8.4,200,18.45,28.65,27.65,23,33.5,9.7,0.865979381443299
24-Jan-2018 16:59:00,8.6,300,18.45,28.65,27.65,23,34,9.7,0.88659793814433
24-Jan-2018 17:00:00,8.5,200,18.45,28.65,27.65,22.9,33.4,9.7,0.876288659793815
24-Jan-2018 17:01:00,8.6,300,18.45,28.65,27.65,23,33.9,9.7,0.88659793814433
24-Jan-2018 17:02:00,8.65,300,18.45,28.65,27.65,23,34.1666666666667,9.7,0.891752577319588
24-Jan-2018 17:03:00,8.8,300,18.45,28.65,27.65,23,34.4666666666667,9.7,0.907216494845361
24-Jan-2018 17:04:00,8.7,300,18.45,28.65,27.65,23,34.2,9.7,0.896907216494845
24-Jan-2018 17:05:00,8.56666666666667,233.333333333333,18.45,28.65,27.65,22.94,33.8,9.7,0.883161512027491
24-Jan-2018 17:06:00,8.56666666666667,266.666666666667,18.45,28.65,27.65,22.96,33.8666666666667,9.7,0.883161512027492
24-Jan-2018 17:07:00,8.56666666666667,266.666666666667,18.45,28.65,27.65,22.96,33.8666666666667,9.7,0.883161512027492
24-Jan-2018 17:08:00,8.72,266.666666666667,18.45,28.6,27.65,22.96,34.36,9.675,0.901291989664083
24-Jan-2018 17:09:00,8.7,266.666666666667,18.45,28.6,27.65,22.96,34.45,9.675,0.89922480620155
24-Jan-2018 17:10:00,8.6,200,18.45,28.6,27.65,22.95,33.7,9.675,0.888888888888889
24-Jan-2018 17:11:00,8.6,250,18.45,28.6,27.65,22.95,33.65,9.675,0.888888888888889
24-Jan-2018 17:12:00,8.6,266.666666666667,18.3333333333333,28.6,27.7,22.95,33.8,9.81666666666667,0.876061120543294
24-Jan-2018 17:13:00,8.76666666666667,266.666666666667,18.35,28.6,27.6,22.95,34.35,9.75,0.899145299145299
24-Jan-2018 17:14:00,8.65,266.666666666667,18.35,28.55,27.6,22.95,34,9.725,0.889460154241645
24-Jan-2018 17:15:00,8.65,266.666666666667,18.35,28.55,27.6,22.95,34,9.725,0.889460154241645
24-Jan-2018 17:16:00,8.65,266.666666666667,18.35,28.55,27.6,22.9,34,9.725,0.889460154241645
24-Jan-2018 17:17:00,8.65,266.666666666667,18.35,28.55,27.65,23,34,9.75,0.887179487179487
24-Jan-2018 17:18:00,8.55,200,18.4,28.5333333333333,27.65,23,33.5,9.69166666666667,0.882201203783319
24-Jan-2018 17:19:00,8.65,300,18.4,28.55,27.65,23,34.25,9.7,0.891752577319587
24-Jan-2018 17:20:00,8.65,300,18.5,28.6,27.65,23,34.35,9.625,0.898701298701299
24-Jan-2018 17:21:00,8.6,300,18.5,28.5,27.65,23,34.6,9.575,0.898172323759791
24-Jan-2018 17:22:00,8.575,300,18.6,28.6,27.65,23,34.5333333333333,9.525,0.900262467191601
24-Jan-2018 17:23:00,8.575,300,18.6,28.55,27.65,23,34.5333333333333,9.5,0.902631578947368
24-Jan-2018 17:24:00,8.575,300,18.6,28.55,27.65,23,34.5333333333333,9.5,0.902631578947368
24-Jan-2018 17:25:00,8.56666666666667,300,18.5,28.55,27.65,23,34.5333333333333,9.6,0.892361111111111
24-Jan-2018 17:26:00,8.56666666666667,300,18.5,28.55,27.65,23,34.5333333333333,9.6,0.892361111111111
24-Jan-2018 17:27:00,8.65,300,18.5,28.55,27.5,23,34.65,9.525,0.908136482939633
24-Jan-2018 17:28:00,8.5,300,18.5,28.55,27.5666666666667,22.9,33.9,9.55833333333333,0.889276373147341
24-Jan-2018 17:29:00,8.6,250,18.5,28.55,27.5666666666667,22.9666666666667,33.9,9.55833333333333,0.899738448125545
24-Jan-2018 17:30:00,8.7,250,18.4,28.55,27.5666666666667,22.9666666666667,34.5666666666667,9.65833333333333,0.900776531492666
24-Jan-2018 17:31:00,8.56666666666667,250,18.45,28.55,27.5666666666667,22.9,34.1333333333333,9.60833333333333,0.891587163920208
24-Jan-2018 17:32:00,8.55,250,18.45,28.5,27.5666666666667,23,33.86,9.58333333333333,0.892173913043478
24-Jan-2018 17:33:00,8.5,250,18.45,28.5666666666667,27.5666666666667,22.95,33.6,9.61666666666667,0.883882149046794
24-Jan-2018 17:34:00,8.55,250,18.45,28.5,27.65,22.95,33.65,9.625,0.888311688311688
24-Jan-2018 17:35:00,8.8,250,18.45,28.5666666666667,27.65,22.95,34.6333333333333,9.65833333333333,0.911130284728214
24-Jan-2018 17:36:00,8.8,250,18.45,28.5666666666667,27.65,22.95,34.72,9.65833333333333,0.911130284728214
24-Jan-2018 17:37:00,8.75,250,18.45,28.5666666666667,27.65,22.95,34.5666666666667,9.65833333333333,0.90595340811044
24-Jan-2018 17:38:00,8.75,250,18.45,28.55,27.65,22.95,34.3,9.65,0.906735751295337
24-Jan-2018 17:39:00,8.6,250,18.45,28.55,27.65,22.9,34.05,9.65,0.891191709844559
24-Jan-2018 17:40:00,8.56666666666667,233.333333333333,18.45,28.55,27.65,23,33.8333333333333,9.65,0.887737478411053
24-Jan-2018 17:41:00,8.56666666666667,233.333333333333,18.45,28.55,27.65,22.9333333333333,33.45,9.65,0.887737478411053
24-Jan-2018 17:42:00,8.5,250,18.45,28.55,27.65,23,33.6666666666667,9.65,0.880829015544041
24-Jan-2018 17:43:00,8.5,250,18.45,28.55,27.65,23,33.45,9.65,0.880829015544041
24-Jan-2018 17:44:00,8.66666666666667,266.666666666667,18.45,28.55,27.65,23,34,9.65,0.898100172711571
24-Jan-2018 17:45:00,8.66,266.666666666667,18.45,28.55,27.65,23,34.06,9.65,0.89740932642487
24-Jan-2018 17:46:00,8.725,266.666666666667,18.45,28.55,27.65,23,34.3,9.65,0.904145077720207
24-Jan-2018 17:47:00,8.75,266.666666666667,18.45,28.55,27.65,23,34.55,9.65,0.906735751295337
24-Jan-2018 17:48:00,8.55,200,18.45,28.55,27.65,22.9,33.8333333333333,9.65,0.8860103626943
24-Jan-2018 17:49:00,8.4,200,18.45,28.5,27.65,22.9,33.45,9.625,0.872727272727273
24-Jan-2018 17:50:00,8.5,200,18.45,28.55,27.65,23,33.4,9.65,0.880829015544041
24-Jan-2018 17:51:00,8.61666666666667,266.666666666667,18.45,28.6,27.65,23,33.975,9.675,0.890611541774332
24-Jan-2018 17:52:00,8.8,266.666666666667,18.45,28.5,27.65,23,34.7666666666667,9.625,0.914285714285714
24-Jan-2018 17:53:00,8.7,266.666666666667,18.45,28.55,27.65,23,34.4,9.65,0.901554404145078
24-Jan-2018 17:54:00,8.53333333333333,233.333333333333,18.45,28.55,27.65,22.9333333333333,33.7,9.65,0.884283246977547
24-Jan-2018 17:55:00,8.55,250,18.3,28.5666666666667,27.65,23,33.7,9.80833333333333,0.871707731520816
24-Jan-2018 17:56:00,8.55,250,18.3,28.5,27.65,22.95,33.3,9.775,0.874680306905371
24-Jan-2018 17:57:00,8.55,250,18.4,28.5,27.65,22.95,33.45,9.675,0.883720930232558
24-Jan-2018 17:58:00,8.4,250,18.4,28.5,27.65,22.95,33.45,9.675,0.868217054263566
24-Jan-2018 17:59:00,8.55,250,18.5,28.5,27.65,22.95,34.1,9.575,0.892950391644909
24-Jan-2018 18:00:00,8.56666666666667,300,18.5,28.55,27.65,22.95,34.2333333333333,9.6,0.892361111111111
24-Jan-2018 18:01:00,8.65,300,18.5,28.55,27.65,22.95,34.65,9.6,0.901041666666666
24-Jan-2018 18:02:00,8.53333333333333,300,18.6,28.55,27.55,22.95,34.3666666666667,9.45,0.90299823633157
24-Jan-2018 18:03:00,8.53333333333333,300,18.6,28.55,27.55,22.95,34.3666666666667,9.45,0.90299823633157
24-Jan-2018 18:04:00,8.4,250,18.5,28.55,27.55,22.9333333333333,33.875,9.55,0.879581151832461
24-Jan-2018 18:05:00,8.375,250,18.5,28.6,27.55,22.95,33.6,9.575,0.87467362924282
24-Jan-2018 18:06:00,8.4,250,18.5,28.5,27.55,22.9666666666667,33.65,9.525,0.881889763779528
24-Jan-2018 18:07:00,8.7,250,18.4,28.55,27.55,22.9666666666667,34.4,9.65,0.901554404145077
24-Jan-2018 18:08:00,8.6,250,18.4,28.6,27.55,22.9666666666667,34.2,9.675,0.888888888888889
24-Jan-2018 18:09:00,8.53333333333333,250,18.4,28.6,27.55,22.9666666666667,33.75,9.675,0.881998277347114
24-Jan-2018 18:10:00,8.55,250,18.4,28.6,27.55,22.9666666666667,33.75,9.675,0.883720930232558
24-Jan-2018 18:11:00,8.475,250,18.4,28.6,27.55,22.9666666666667,33.75,9.675,0.875968992248062
24-Jan-2018 18:12:00,8.5,250,18.4,28.6,27.55,22.9666666666667,33.7,9.675,0.878552971576227
24-Jan-2018 18:13:00,8.66666666666667,250,18.4,28.5,27.55,22.9666666666667,34.3333333333333,9.625,0.9004329004329
24-Jan-2018 18:14:00,8.525,233.333333333333,18.4,28.5,27.55,22.95,33.75,9.625,0.885714285714286
24-Jan-2018 18:15:00,8.5,250,18.4,28.5,27.55,22.95,33.64,9.625,0.883116883116883
24-Jan-2018 18:16:00,8.6,300,18.4,28.5666666666667,27.55,22.95,34.2,9.65833333333333,0.890422778257118
24-Jan-2018 18:17:00,8.8,300,18.4,28.55,27.55,22.95,34.65,9.65,0.911917098445596
24-Jan-2018 18:18:00,8.66,300,18.4,28.55,27.55,22.95,34.3666666666667,9.65,0.89740932642487
24-Jan-2018 18:19:00,8.53333333333333,233.333333333333,18.4,28.5,27.55,22.9,33.8666666666667,9.625,0.886580086580087
24-Jan-2018 18:20:00,8.56666666666667,266.666666666667,18.4,28.55,27.55,23,33.9333333333333,9.65,0.887737478411054
24-Jan-2018 18:21:00,8.6,250,18.4,28.55,27.7,23,33.75,9.725,0.884318766066838
24-Jan-2018 18:22:00,8.6,250,18.4,28.55,27.6,22.95,33.75,9.675,0.888888888888889
24-Jan-2018 18:23:00,8.53333333333333,233.333333333333,18.3,28.55,27.6,22.94,33.6666666666667,9.775,0.872975277067348
24-Jan-2018 18:24:00,8.6,233.333333333333,18.3,28.55,27.6,22.9666666666667,33.5,9.775,0.879795396419437
24-Jan-2018 18:25:00,8.7,300,18.3,28.55,27.6,22.9666666666667,34.3,9.775,0.89002557544757
24-Jan-2018 18:26:00,8.6,300,18.3,28.55,27.6,22.9666666666667,33.8,9.775,0.879795396419437
24-Jan-2018 18:27:00,8.7,300,18.3,28.55,27.6,22.9666666666667,34,9.775,0.89002557544757
24-Jan-2018 18:28:00,8.66666666666667,300,18.3,28.55,27.6,22.9666666666667,34.2333333333333,9.775,0.886615515771526
24-Jan-2018 18:29:00,8.75,300,18.3666666666667,28.55,27.6,22.9666666666667,34.55,9.70833333333334,0.901287553648068
24-Jan-2018 18:30:00,8.7,300,18.3666666666667,28.55,27.6,22.9666666666667,34.3666666666667,9.70833333333334,0.896137339055794
24-Jan-2018 18:31:00,8.55,250,18.3666666666667,28.55,27.6,22.95,33.95,9.70833333333334,0.88068669527897
24-Jan-2018 18:32:00,8.8,250,18.3666666666667,28.55,27.6,22.95,34.7,9.70833333333334,0.906437768240343
24-Jan-2018 18:33:00,8.56,250,18.3666666666667,28.55,27.6,22.95,34,9.70833333333334,0.881716738197425
24-Jan-2018 18:34:00,8.5,200,18.3666666666667,28.55,27.6,22.9,33.7333333333333,9.70833333333334,0.875536480686695
24-Jan-2018 18:35:00,8.48,250,18.3666666666667,28.55,27.6,22.95,33.64,9.70833333333334,0.873476394849785
24-Jan-2018 18:36:00,8.56666666666667,300,18.3666666666667,28.55,27.6,22.96,33.85,9.70833333333334,0.882403433476395
24-Jan-2018 18:37:00,8.5,200,18.3666666666667,28.55,27.6,22.9,33.6,9.70833333333334,0.875536480686695
24-Jan-2018 18:38:00,8.55,200,18.3666666666667,28.55,27.65,22.9666666666667,33.7666666666667,9.73333333333333,0.878424657534247
24-Jan-2018 18:39:00,8.55,250,18.3666666666667,28.55,27.65,22.9666666666667,34.05,9.73333333333333,0.878424657534247
24-Jan-2018 18:40:00,8.6,300,18.3666666666667,28.6,27.65,22.9666666666667,34.275,9.75833333333333,0.881298035866781
24-Jan-2018 18:41:00,8.5,300,18.5,28.5,27.65,22.9666666666667,34.35,9.575,0.887728459530026
24-Jan-2018 18:42:00,8.45,250,18.5,28.5,27.65,22.9,33.85,9.575,0.882506527415144
24-Jan-2018 18:43:00,8.45,250,18.5,28.55,27.5,22.9666666666667,33.84,9.525,0.887139107611549
24-Jan-2018 18:44:00,8.425,250,18.5,28.55,27.6,22.95,33.75,9.575,0.879895561357702
24-Jan-2018 18:45:00,8.425,250,18.5,28.55,27.5,22.95,33.75,9.525,0.884514435695538
24-Jan-2018 18:46:00,8.46666666666667,250,18.5,28.55,27.6,22.95,34,9.575,0.884247171453438
24-Jan-2018 18:47:00,8.41666666666667,250,18.5,28.6,27.6,22.95,33.65,9.6,0.876736111111111
24-Jan-2018 18:48:00,8.56666666666667,250,18.5,28.5333333333333,27.6,22.95,34.2666666666667,9.56666666666667,0.895470383275262
24-Jan-2018 18:49:00,8.56666666666667,250,18.5,28.6,27.6,22.95,34.2333333333333,9.6,0.892361111111111
24-Jan-2018 18:50:00,8.6,250,18.5,28.55,27.6,22.95,34.2333333333333,9.575,0.898172323759791
24-Jan-2018 18:51:00,8.5,250,18.5,28.5,27.6,22.9333333333333,33.85,9.55,0.890052356020942
24-Jan-2018 18:52:00,8.45,250,18.4333333333333,28.5,27.6,22.9333333333333,33.6666666666667,9.61666666666667,0.878682842287695
24-Jan-2018 18:53:00,8.43333333333333,200,18.4333333333333,28.55,27.6,22.95,33.45,9.64166666666667,0.874675885911841
24-Jan-2018 18:54:00,8.56,250,18.4333333333333,28.55,27.6,23,33.9666666666667,9.64166666666667,0.88781331028522
24-Jan-2018 18:55:00,8.43333333333333,250,18.4333333333333,28.6,27.6,22.9333333333333,33.4333333333333,9.66666666666667,0.872413793103448
24-Jan-2018 18:56:00,8.6,300,18.4333333333333,28.55,27.6,23,34.0666666666667,9.64166666666667,0.891961970613656
24-Jan-2018 18:57:00,8.6,300,18.4333333333333,28.5333333333333,27.6,23,34.45,9.63333333333333,0.892733564013841
24-Jan-2018 18:58:00,8.56666666666667,250,18.4333333333333,28.5333333333333,27.6,22.9333333333333,33.8333333333333,9.63333333333333,0.889273356401384
24-Jan-2018 18:59:00,8.5,250,18.4333333333333,28.5333333333333,27.6,22.9666666666667,33.9,9.63333333333333,0.882352941176471
24-Jan-2018 19:00:00,8.56666666666667,250,18.4333333333333,28.5333333333333,27.6,22.95,33.9,9.63333333333333,0.889273356401384
24-Jan-2018 19:01:00,8.53333333333333,250,18.4333333333333,28.5333333333333,27.6,22.95,33.9,9.63333333333333,0.885813148788927
24-Jan-2018 19:02:00,8.6,250,18.4333333333333,28.5333333333333,27.6,22.9,33.95,9.63333333333333,0.892733564013841
24-Jan-2018 19:03:00,8.46666666666667,233.333333333333,18.4333333333333,28.5333333333333,27.6,22.95,33.5333333333333,9.63333333333333,0.878892733564014
24-Jan-2018 19:04:00,8.55,233.333333333333,18.4333333333333,28.55,27.6,23,33.8,9.64166666666667,0.886776145203111
24-Jan-2018 19:05:00,8.55,233.333333333333,18.4333333333333,28.55,27.6,23,33.8,9.64166666666667,0.886776145203111
24-Jan-2018 19:06:00,8.45,233.333333333333,18.4333333333333,28.55,27.55,23,33.55,9.61666666666667,0.878682842287695
24-Jan-2018 19:07:00,8.5,233.333333333333,18.3,28.55,27.55,23,33.45,9.75,0.871794871794872
24-Jan-2018 19:08:00,8.5,233.333333333333,18.3,28.6,27.55,23,33.45,9.775,0.869565217391304
24-Jan-2018 19:09:00,8.45,233.333333333333,18.3,28.5,27.55,22.9,33.2,9.725,0.868894601542417
24-Jan-2018 19:10:00,8.45,233.333333333333,18.3,28.5,27.55,22.95,33.05,9.725,0.868894601542417
24-Jan-2018 19:11:00,8.6,266.666666666667,18.3,28.5,27.55,23,33.75,9.725,0.884318766066838
24-Jan-2018 19:12:00,8.55,250,18.3,28.5,27.55,23,33.75,9.725,0.879177377892031
24-Jan-2018 19:13:00,8.6,200,18.3,28.5,27.55,23,33.85,9.725,0.884318766066838
24-Jan-2018 19:14:00,8.6,266.666666666667,18.4,28.5,27.5,23,34,9.6,0.895833333333333
24-Jan-2018 19:15:00,8.6,266.666666666667,18.4,28.5,27.55,23,34.35,9.625,0.893506493506493
24-Jan-2018 19:16:00,8.46666666666667,250,18.5,28.5,27.6,23,33.7333333333333,9.55,0.886561954624782
24-Jan-2018 19:17:00,8.55,250,18.5,28.5,27.6,23,34.25,9.55,0.895287958115183
24-Jan-2018 19:18:00,8.56666666666667,250,18.5,28.5,27.5,23,34.4,9.5,0.901754385964912
24-Jan-2018 19:19:00,8.53333333333333,250,18.5,28.5,27.5,23,34.3666666666667,9.5,0.898245614035088
24-Jan-2018 19:20:00,8.43333333333333,233.333333333333,18.5,28.5,27.6,22.9,33.75,9.55,0.883071553228621
24-Jan-2018 19:21:00,8.3,233.333333333333,18.5,28.5,27.6,22.9,33.45,9.55,0.869109947643979
24-Jan-2018 19:22:00,8.4,250,18.5,28.5,27.6,22.95,33.55,9.55,0.879581151832461
24-Jan-2018 19:23:00,8.42,250,18.4,28.5,27.6,22.95,33.5333333333333,9.65,0.872538860103627
24-Jan-2018 19:24:00,8.4,250,18.4,28.5,27.6,22.95,33.4666666666667,9.65,0.870466321243523
24-Jan-2018 19:25:00,8.4,250,18.4,28.5,27.55,22.9666666666667,33.36,9.625,0.872727272727273
24-Jan-2018 19:26:00,8.5,300,18.3,28.55,27.55,22.9666666666667,33.5,9.75,0.871794871794872
24-Jan-2018 19:27:00,8.5,200,18.3,28.55,27.55,22.9666666666667,33.5,9.75,0.871794871794872
24-Jan-2018 19:28:00,8.65,300,18.3,28.6,27.55,22.9666666666667,34.05,9.775,0.884910485933504
24-Jan-2018 19:29:00,8.65,300,18.3,28.5,27.55,22.9666666666667,34.25,9.725,0.889460154241645
24-Jan-2018 19:30:00,8.7,300,18.3,28.5,27.55,22.9666666666667,34.15,9.725,0.894601542416453
24-Jan-2018 19:31:00,8.7,300,18.3,28.5,27.55,22.9666666666667,34.15,9.725,0.894601542416453
24-Jan-2018 19:32:00,8.5,233.333333333333,18.3,28.5,27.55,22.9333333333333,33.5,9.725,0.874035989717224
24-Jan-2018 19:33:00,8.46666666666667,233.333333333333,18.3,28.5,27.55,23,33.45,9.725,0.870608397600686
24-Jan-2018 19:34:00,8.56666666666667,233.333333333333,18.3,28.5,27.55,23,33.45,9.725,0.8808911739503
24-Jan-2018 19:35:00,8.5,233.333333333333,18.3,28.5,27.55,22.95,33.6,9.725,0.874035989717224
24-Jan-2018 19:36:00,8.525,250,18.3,28.5,27.55,22.95,33.65,9.725,0.876606683804627
24-Jan-2018 19:37:00,8.55,300,18.3,28.5,27.55,22.95,33.6,9.725,0.879177377892031
24-Jan-2018 19:38:00,8.6,250,18.3,28.5,27.55,22.95,33.925,9.725,0.884318766066838
24-Jan-2018 19:39:00,8.63333333333333,250,18.3,28.5,27.55,22.95,34.05,9.725,0.887746358183376
24-Jan-2018 19:40:00,8.65,250,18.3,28.5,27.55,22.95,34.0666666666667,9.725,0.889460154241645
24-Jan-2018 19:41:00,8.4,200,18.3,28.5,27.55,22.95,33.4,9.725,0.863753213367609
24-Jan-2018 19:42:00,8.53333333333333,266.666666666667,18.4,28.5,27.55,22.95,33.7333333333333,9.625,0.886580086580087
24-Jan-2018 19:43:00,8.5,266.666666666667,18.4,28.5,27.55,22.95,33.7333333333333,9.625,0.883116883116883
24-Jan-2018 19:44:00,8.5,266.666666666667,18.4,28.5,27.55,22.95,33.7333333333333,9.625,0.883116883116883
24-Jan-2018 19:45:00,8.55,266.666666666667,18.4,28.5,27.5,22.95,34.15,9.6,0.890625
24-Jan-2018 19:46:00,8.45,250,18.4,28.5,27.5666666666667,22.95,33.65,9.63333333333333,0.877162629757785
24-Jan-2018 19:47:00,8.4,250,18.45,28.5,27.55,22.95,33.55,9.575,0.877284595300261
24-Jan-2018 19:48:00,8.35,200,18.5,28.5,27.55,22.9,33.3,9.525,0.876640419947507
24-Jan-2018 19:49:00,8.4,200,18.5,28.5,27.55,22.9666666666667,33.75,9.525,0.881889763779528
24-Jan-2018 19:50:00,8.35,200,18.5,28.5,27.55,22.9666666666667,33.45,9.525,0.876640419947507
24-Jan-2018 19:51:00,8.35,200,18.5,28.5,27.55,22.9666666666667,33.45,9.525,0.876640419947507
24-Jan-2018 19:52:00,8.46,260,18.5,28.5,27.55,22.9666666666667,34.02,9.525,0.888188976377953
24-Jan-2018 19:53:00,8.5,250,18.5,28.5,27.55,22.9666666666667,33.9666666666667,9.525,0.89238845144357
24-Jan-2018 19:54:00,8.6,250,18.5,28.5,27.55,22.9666666666667,34.45,9.525,0.902887139107612
24-Jan-2018 19:55:00,8.575,250,18.5,28.5,27.55,22.9666666666667,34.375,9.525,0.900262467191601
24-Jan-2018 19:56:00,8.6,250,18.5,28.55,27.55,22.9666666666667,34.3666666666667,9.55,0.900523560209424
24-Jan-2018 19:57:00,8.53333333333333,233.333333333333,18.4333333333333,28.55,27.55,22.9,33.8,9.61666666666667,0.88734835355286
24-Jan-2018 19:58:00,8.4,233.333333333333,18.4333333333333,28.55,27.55,22.9,33.45,9.61666666666667,0.873483535528596
24-Jan-2018 19:59:00,8.5,250,18.4333333333333,28.55,27.55,22.9666666666667,33.55,9.61666666666667,0.883882149046794
24-Jan-2018 20:00:00,8.56666666666667,250,18.3,28.55,27.55,22.95,33.8,9.75,0.878632478632479
24-Jan-2018 20:01:00,8.65,250,18.3,28.55,27.55,22.95,34.05,9.75,0.887179487179487
24-Jan-2018 20:02:00,8.5,250,18.3,28.55,27.55,22.9,33.4,9.75,0.871794871794872
24-Jan-2018 20:03:00,8.55,250,18.3,28.55,27.55,22.9666666666667,33.45,9.75,0.876923076923077
24-Jan-2018 20:04:00,8.55,250,18.3,28.55,27.55,22.9,33.45,9.75,0.876923076923077
24-Jan-2018 20:05:00,8.55,250,18.3,28.55,27.55,23,33.45,9.75,0.876923076923077
24-Jan-2018 20:06:00,8.55,250,18.3,28.55,27.55,22.9333333333333,33.45,9.75,0.876923076923077
24-Jan-2018 20:07:00,8.65,250,18.3,28.55,27.55,23,33.95,9.75,0.887179487179487
24-Jan-2018 20:08:00,8.55,250,18.3,28.55,27.55,23,33.95,9.75,0.876923076923077
24-Jan-2018 20:09:00,8.5,250,18.4,28.55,27.55,23,33.95,9.65,0.880829015544041
24-Jan-2018 20:10:00,8.5,250,18.4,28.55,27.55,23,33.95,9.65,0.880829015544041
24-Jan-2018 20:11:00,8.5,250,18.4,28.55,27.55,23,33.95,9.65,0.880829015544041
24-Jan-2018 20:12:00,8.6,250,18.3333333333333,28.55,27.55,23,33.95,9.71666666666667,0.885077186963979
24-Jan-2018 20:13:00,8.55,250,18.3333333333333,28.55,27.55,23,33.95,9.71666666666667,0.879931389365352
24-Jan-2018 20:14:00,8.65,250,18.3333333333333,28.55,27.55,23,34.1,9.71666666666667,0.890222984562607
24-Jan-2018 20:15:00,8.65,250,18.3333333333333,28.55,27.55,23,34.1,9.71666666666667,0.890222984562607
24-Jan-2018 20:16:00,8.4,250,18.3333333333333,28.55,27.55,22.9,33.25,9.71666666666667,0.864493996569468
24-Jan-2018 20:17:00,8.46666666666667,250,18.4,28.55,27.55,22.95,33.3,9.65,0.877374784110535
24-Jan-2018 20:18:00,8.45,300,18.35,28.55,27.55,23,33.7,9.7,0.871134020618557
24-Jan-2018 20:19:00,8.45,300,18.35,28.55,27.55,23,34.2,9.7,0.871134020618557
24-Jan-2018 20:20:00,8.65,300,18.35,28.55,27.5333333333333,23,34.35,9.69166666666666,0.892519346517627
24-Jan-2018 20:21:00,8.625,300,18.5,28.55,27.6,23,34.325,9.575,0.900783289817232
24-Jan-2018 20:22:00,8.43333333333333,233.333333333333,18.5,28.55,27.6,22.9,33.7666666666667,9.575,0.880765883376849
24-Jan-2018 20:23:00,8.4,250,18.5,28.55,27.55,22.9,33.6666666666667,9.55,0.879581151832461
24-Jan-2018 20:24:00,8.3,250,18.5,28.55,27.5333333333333,23,33.4,9.54166666666666,0.869868995633188
24-Jan-2018 20:25:00,8.4,266.666666666667,18.5,28.55,27.5333333333333,23,34.0333333333333,9.54166666666666,0.880349344978166
24-Jan-2018 20:26:00,8.43333333333333,250,18.5,28.55,27.5333333333333,23,34.05,9.54166666666666,0.883842794759825
24-Jan-2018 20:27:00,8.33333333333333,233.333333333333,18.5,28.55,27.5666666666667,22.9,33.4666666666667,9.55833333333333,0.871839581517001
24-Jan-2018 20:28:00,8.4,233.333333333333,18.5,28.55,27.55,22.9666666666667,33.6,9.55,0.879581151832461
24-Jan-2018 20:29:00,8.375,233.333333333333,18.4,28.55,27.55,22.95,33.48,9.65,0.867875647668394
24-Jan-2018 20:30:00,8.43333333333333,233.333333333333,18.4,28.55,27.55,22.95,33.35,9.65,0.873920552677029
24-Jan-2018 20:31:00,8.6,233.333333333333,18.3,28.55,27.55,22.95,33.35,9.75,0.882051282051282
24-Jan-2018 20:32:00,8.54,233.333333333333,18.3,28.55,27.55,22.95,33.35,9.75,0.875897435897436
24-Jan-2018 20:33:00,8.48,233.333333333333,18.3,28.55,27.65,22.95,33.2666666666667,9.8,0.86530612244898
24-Jan-2018 20:34:00,8.5,233.333333333333,18.4,28.55,27.65,22.95,33.6,9.7,0.876288659793814
24-Jan-2018 20:35:00,8.55,250,18.4,28.55,27.65,22.95,33.85,9.7,0.881443298969072
24-Jan-2018 20:36:00,8.5,266.666666666667,18.5,28.55,27.55,22.95,34.05,9.55,0.890052356020942
24-Jan-2018 20:37:00,8.53333333333333,266.666666666667,18.5,28.55,27.55,22.95,34.2,9.55,0.893542757417103
24-Jan-2018 20:38:00,8.5,266.666666666667,18.5,28.55,27.55,22.95,34.15,9.55,0.890052356020942
24-Jan-2018 20:39:00,8.5,266.666666666667,18.5,28.55,27.54,22.95,34.2,9.545,0.890518596123625
24-Jan-2018 20:40:00,8.55,266.666666666667,18.5,28.5,27.55,22.9,34.35,9.525,0.897637795275591
24-Jan-2018 20:41:00,8.43333333333333,233.333333333333,18.5,NaN,27.6,22.9666666666667,33.6666666666667,NaN,NaN
24-Jan-2018 20:42:00,8.35,233.333333333333,18.5,NaN,27.55,22.9333333333333,33.4,NaN,NaN
24-Jan-2018 20:43:00,8.5,300,18.4333333333333,NaN,27.55,23,33.9,NaN,NaN
24-Jan-2018 20:44:00,8.5,300,18.4333333333333,NaN,27.55,23,33.9,NaN,NaN
24-Jan-2018 20:45:00,8.6,300,18.4333333333333,NaN,27.55,23,34.15,NaN,NaN
24-Jan-2018 20:46:00,8.525,250,18.4333333333333,NaN,27.55,22.95,33.65,NaN,NaN
24-Jan-2018 20:47:00,8.65,250,18.4333333333333,NaN,27.55,22.95,34.15,NaN,NaN
24-Jan-2018 20:48:00,8.66666666666667,250,18.4333333333333,NaN,27.55,22.95,34.4,NaN,NaN
24-Jan-2018 20:49:00,8.6,250,18.4333333333333,NaN,27.55,22.95,34.15,NaN,NaN
24-Jan-2018 20:50:00,8.6,250,18.4333333333333,NaN,27.55,22.95,34.15,NaN,NaN
24-Jan-2018 20:51:00,8.5,200,18.4333333333333,NaN,27.55,22.9333333333333,33.85,NaN,NaN
24-Jan-2018 20:52:00,8.525,266.666666666667,18.4333333333333,NaN,27.55,22.9666666666667,33.9333333333333,NaN,NaN
24-Jan-2018 20:53:00,8.5,200,18.4333333333333,NaN,27.55,22.9333333333333,33.6333333333333,NaN,NaN
24-Jan-2018 20:54:00,8.5,250,18.4333333333333,NaN,NaN,23,33.55,NaN,NaN
24-Jan-2018 20:55:00,8.625,300,18.4333333333333,NaN,NaN,23,34.1,NaN,NaN
24-Jan-2018 20:56:00,8.6,300,18.4333333333333,NaN,NaN,23,34.25,NaN,NaN
24-Jan-2018 20:57:00,8.5,200,18.4333333333333,NaN,NaN,22.9,33.45,NaN,NaN
24-Jan-2018 20:58:00,8.5,250,18.3,NaN,NaN,22.95,33.625,NaN,NaN
24-Jan-2018 20:59:00,8.55,NaN,NaN,NaN,NaN,22.95,33.55,NaN,NaN
